125.992 125.992 125.992
52.880091306672 53.262668719863 -41.011493885572 -0.005924213545 0.004760775023 0.000862346846 0.858078425264 0.416105294651 0.300928230414 0.433855931119 -0.900940711159 0.008652514620 0.274718851062 0.123134961487 -0.953607536742 -0.005939740780 0.004436017246 -0.000555654154  | 1.000000000000 52.880091306672 53.262668719863 -41.011493885572 0.274718851062 0.123134961487 -0.953607536742 0.000000000000 . 105
-63.481311442034 -36.691336972410 -4.953424255224 -0.003845683789 0.003866708959 0.003365795359 -0.362377278704 0.400894868990 -0.841407161781 -0.078427690909 0.886449128471 0.456132699915 0.928725904225 0.231281747336 -0.289787764012 -0.003054064752 0.003870285849 -0.001505102401  | 1.000000000000 -63.481311442034 -36.691336972410 -4.953424255224 0.928725904225 0.231281747336 -0.289787764012 0.000000000000 . 23
-8.502591048030 -8.515935130406 41.717729397497 -0.011055437833 0.006506031372 0.009415563813 0.011640043090 0.972015063021 -0.234629978174 0.987766771115 0.025313308168 0.153870212551 0.155503425293 -0.233550751852 -0.959829532277 -0.004316047427 0.006769322238 -0.001149151345  | 1.000000000000 -8.502591048030 -8.515935130406 41.717729397497 0.155503425293 -0.233550751852 -0.959829532277 0.000000000000 . 142
-53.804572123034 8.314690652053 -34.739888299334 -0.001710737629 0.001365358867 0.004662211468 0.040892793436 -0.915521456382 0.400185260035 0.522272675346 -0.321862075961 -0.789706310374 0.851797529952 0.241299123418 0.464990000974 -0.001052243480 0.002612536027 -0.000496992131  | 1.000000000000 -53.804572123034 8.314690652053 -34.739888299334 0.851797529952 0.241299123418 0.464990000974 0.000000000000 . 181
41.371848059366 63.187580331115 -17.212226955189 -0.001199621431 0.003297254954 0.005638767784 -0.025783151815 -0.895030822259 0.445258415180 0.495455610212 -0.398294113542 -0.771936226270 0.868250521101 0.200702830881 0.453717319797 -0.000951820635 0.002686330603 -0.000525853434  | 1.000000000000 41.371848059366 63.187580331115 -17.212226955189 0.868250521101 0.200702830881 0.453717319797 0.000000000000 . 74
55.524376199479 -28.355593972047 -22.369886265382 -0.001437942712 0.000205332116 0.011023357823 -0.225038574573 0.069986219207 0.971833097335 -0.143379605821 -0.988937312018 0.038016858538 0.963742667204 -0.130785786765 0.232583639562 -0.000267697284 0.003467580316 -0.000927138912  | 1.000000000000 55.524376199479 -28.355593972047 -22.369886265382 0.963742667204 -0.130785786765 0.232583639562 0.000000000000 . 42
-37.775504594610 -3.136898003367 57.009017121801 -0.009792740458 0.004228050846 0.001612894234 0.102577959811 -0.798503301246 -0.593186513720 -0.794919246342 0.292682970780 -0.531450910631 0.597980897652 0.526050526579 -0.604722820414 -0.003796049111 0.004307868735 -0.000002373127  | 1.000000000000 -37.775504594610 -3.136898003367 57.009017121801 0.597980897652 0.526050526579 -0.604722820414 0.000000000000 . 106
-7.531757248863 22.584401696489 -6.449745927244 -0.000977255297 0.012256954340 0.004597726926 0.236613017551 0.815320946803 -0.528456274094 0.036631359494 0.536028340905 0.843404862002 0.970913190469 -0.218918641169 0.096964968529 -0.000554024908 0.003843537089 -0.001527440321  | 1.000000000000 -7.531757248863 22.584401696489 -6.449745927244 0.970913190469 -0.218918641169 0.096964968529 0.000000000000 . 13
-41.786877351103 1.240971708409 -40.189892848939 -0.003606445885 -0.006610784766 0.011108754565 -0.365122776301 -0.109470289282 0.924500737691 0.836837580504 -0.473711609228 0.274408773801 0.407907124334 0.873849853835 0.264571749947 -0.003237996417 0.000970466085 -0.000642836534  | 1.000000000000 -41.786877351103 1.240971708409 -40.189892848939 0.407907124334 0.873849853835 0.264571749947 0.000000000000 . 132
-28.482061983091 -41.114424591327 51.795308958643 -0.008043893195 0.002964378389 0.004553623223 -0.158598516996 0.984247726289 -0.078121211598 0.569480518702 0.155824998407 0.807100061139 0.806559637737 0.083516364661 -0.585223519356 -0.005845895320 0.002509534842 -0.002842170573  | 1.000000000000 -28.482061983091 -41.114424591327 51.795308958643 0.806559637737 0.083516364661 -0.585223519356 0.000000000000 . 174
-10.876321791154 22.797142212815 36.897602113952 -0.003038106124 0.004424839621 0.008221000068 -0.897150846544 -0.437743693074 0.059167708420 0.438341606887 -0.898802910707 -0.003156481618 0.054561838469 0.023103828229 0.998243066044 -0.000080279342 0.000131285950 -0.000766665420  | 1.000000000000 -10.876321791154 22.797142212815 36.897602113952 0.054561838469 0.023103828229 0.998243066044 0.000000000000 . 66
-11.767537404958 34.326786790941 -23.989483403166 -0.011720738537 -0.003163672000 0.007097926676 0.980451702332 -0.059727533793 0.187475548009 0.105216680610 -0.645987525421 -0.756061880485 0.166264576852 0.761007712647 -0.627075236137 -0.005730155916 0.000996655478 -0.000119391823  | 1.000000000000 -11.767537404958 34.326786790941 -23.989483403166 0.166264576852 0.761007712647 -0.627075236137 0.000000000000 . 198
56.835994389925 18.689418386114 23.885091109137 -0.000464864971 -0.009315766289 0.011438982052 0.434990974666 -0.439395365459 0.785948194712 -0.843565747923 -0.504142883824 0.185031839479 0.314928056689 -0.743486156901 -0.589956484503 0.003966968118 0.004224518712 -0.001189693950  | 1.000000000000 56.835994389925 18.689418386114 23.885091109137 0.314928056689 -0.743486156901 -0.589956484503 0.000000000000 . 59
-45.632763410061 60.163212921515 46.545861827110 -0.003477831003 0.002505225227 0.007447087874 -0.232062080922 0.765247003888 0.600453340102 -0.407598119109 -0.636997075685 0.654292364977 0.883182293695 -0.092907204291 0.459736106363 0.000670352218 0.002754247537 0.000622202959  | 1.000000000000 -45.632763410061 60.163212921515 46.545861827110 0.883182293695 -0.092907204291 0.459736106363 0.000000000000 . 145
-35.938980786234 63.443356774991 -53.991353813736 -0.005774798265 0.007906904536 0.005166750470 -0.562579468823 0.162676066184 -0.810580556607 0.825805708220 0.157250461738 -0.541587688703 0.039360812110 -0.974068164850 -0.222804705282 0.004567678459 0.000911572998 -0.000579116703  | 1.000000000000 -35.938980786234 63.443356774991 -53.991353813736 0.039360812110 -0.974068164850 -0.222804705282 0.000000000000 . 148
49.307115822488 -56.061634872748 50.554903703808 -0.001101273061 0.000853787242 0.000614166964 -0.522794081874 -0.702883046794 -0.482329524793 -0.852283503077 0.419493213876 0.312471236908 -0.017296772531 0.574439610439 -0.818364194976 0.009085843799 0.003085090366 0.000888184063  | 1.000000000000 49.307115822488 -56.061634872748 50.554903703808 -0.017296772531 0.574439610439 -0.818364194976 0.000000000000 . 25
51.068157626065 0.390512302175 16.186022030606 -0.008704584932 0.004374998018 0.007569131271 0.861169166513 -0.202465007413 -0.466256997181 0.508272638524 0.330658669717 0.795187882874 -0.006825802167 -0.921776960503 0.387660474527 0.002852389926 0.001252275228 -0.001916891167  | 1.000000000000 51.068157626065 0.390512302175 16.186022030606 -0.006825802167 -0.921776960503 0.387660474527 0.000000000000 . 170
-1.773786974611 -1.466586008171 38.994703035160 -0.001940734426 -0.009179242879 0.000163935717 0.259165848170 0.530152225783 -0.807323776833 0.920051237604 0.118785531617 0.373357359192 0.293834619006 -0.839540716687 -0.456982058398 0.004868226478 0.002075670317 -0.000214248491  | 1.000000000000 -1.773786974611 -1.466586008171 38.994703035160 0.293834619006 -0.839540716687 -0.456982058398 0.000000000000 . 180
-32.424828489341 27.874247671145 -44.861562081631 -0.003186157449 -0.007327559262 0.005598141205 0.662371371922 -0.734844706979 0.145833543065 0.023909614596 -0.173824598007 -0.984486332794 0.748794027746 0.655582386701 -0.097566583724 -0.001488672849 0.004135805386 0.001454719864  | 1.000000000000 -32.424828489341 27.874247671145 -44.861562081631 0.748794027746 0.655582386701 -0.097566583724 0.000000000000 . 2
19.895429542961 47.796808594894 -44.494202038544 -0.007100488060 0.005712257441 0.008839733081 0.390135748288 0.864016582751 -0.318228601227 0.918101340816 -0.338805597687 0.205671327530 0.069885806143 -0.372405842739 -0.925434958489 -0.009084815807 0.000402010851 -0.000407497768  | 1.000000000000 19.895429542961 47.796808594894 -44.494202038544 0.069885806143 -0.372405842739 -0.925434958489 0.000000000000 . 52
45.550031108702 -54.271908165868 -8.618688009851 -0.010392485466 0.007283704053 0.000513797504 0.193701971657 -0.958337055480 0.209927688191 0.875687650077 0.072416459302 -0.477417004226 0.442324186178 0.276307698980 0.853231135043 -0.000402916872 0.001378750187 0.001381351721  | 1.000000000000 45.550031108702 -54.271908165868 -8.618688009851 0.442324186178 0.276307698980 0.853231135043 0.000000000000 . 48
56.309920954060 -52.232952783116 8.744495591861 -0.002425260261 -0.008893173563 0.004855863602 0.657959045310 -0.734547095501 -0.165923052002 0.593979090690 0.641657393738 -0.485246977202 0.462902510813 0.220717814307 0.858489902055 -0.000655373641 0.001229236784 -0.000226553786  | 1.000000000000 56.309920954060 -52.232952783116 8.744495591861 0.462902510813 0.220717814307 0.858489902055 0.000000000000 . 179
36.298439852668 46.710058269953 8.595069986770 -0.003678790219 -0.001079577188 0.006229559072 0.581644279848 -0.199529398679 0.788592385699 0.625157381711 -0.510617058564 -0.590295237653 0.520449978203 0.836336199483 -0.172260214854 -0.004068689752 0.001961237002 -0.000407158761  | 1.000000000000 36.298439852668 46.710058269953 8.595069986770 0.520449978203 0.836336199483 -0.172260214854 0.000000000000 . 0
60.631102299106 56.225559295346 47.010357344363 -0.002560642942 0.009558391071 0.004584033126 -0.938074797826 0.121360606671 -0.324480009913 0.023885978374 0.957060901437 0.288901178567 0.345608353084 0.263260392176 -0.900693528449 -0.007059839164 0.001318342307 -0.001101109552  | 1.000000000000 60.631102299106 56.225559295346 47.010357344363 0.345608353084 0.263260392176 -0.900693528449 0.000000000000 . 73
-10.186856423835 -43.429297578549 -2.810462917034 -0.003118261169 0.013906695135 0.009737632656 -0.986008731838 -0.166617866401 0.005026662416 0.100560738736 -0.570505830061 0.815113878971 -0.132944795174 0.804214886994 0.579278945736 -0.002478031102 0.000080022922 0.000936004814  | 1.000000000000 -10.186856423835 -43.429297578549 -2.810462917034 -0.132944795174 0.804214886994 0.579278945736 0.000000000000 . 128
-47.675389559730 37.488719801390 -39.112006715255 -0.005699226707 0.002610192308 0.003631347244 0.432208158959 -0.511710786792 0.742528233814 -0.889441382828 -0.377613627547 0.257491698513 0.148627500288 -0.771725352034 -0.618344440572 0.005786794215 0.000333336927 0.000372499272  | 1.000000000000 -47.675389559730 37.488719801390 -39.112006715255 0.148627500288 -0.771725352034 -0.618344440572 0.000000000000 . 60
60.321194400559 -60.783411705447 -12.933665920243 -0.002857567871 -0.011082065381 0.003801672340 -0.411430971172 -0.044027833568 0.910376903173 -0.153839926282 -0.981147226494 -0.116976053213 0.898363975815 -0.188179886851 0.396901117589 0.001162694398 0.002790379808 0.000861267463  | 1.000000000000 60.321194400559 -60.783411705447 -12.933665920243 0.898363975815 -0.188179886851 0.396901117589 0.000000000000 . 39
29.745370944679 -49.910692170224 -53.745909703330 -0.001027783911 0.005547772007 0.008009849538 -0.536901591319 -0.494151307814 0.683777131984 0.045903342843 -0.826414023306 -0.561188689478 0.842395135524 -0.269915444293 0.466386201101 0.000400822213 0.002790926617 -0.000778959499  | 1.000000000000 29.745370944679 -49.910692170224 -53.745909703330 0.842395135524 -0.269915444293 0.466386201101 0.000000000000 . 150
-49.827910442963 5.205806861118 35.516056702240 -0.003604836488 0.004126678000 0.001913120746 -0.475654291207 0.869175185407 0.135231254998 0.617259735369 0.220281380415 0.755292349051 0.626692439997 0.442730855616 -0.641284628801 0.001506679083 0.006107005752 0.002222639884  | 1.000000000000 -49.827910442963 5.205806861118 35.516056702240 0.626692439997 0.442730855616 -0.641284628801 0.000000000000 . 138
34.921470363854 56.520385697920 -29.842672883993 -0.003763617163 0.002022137925 0.001067732692 0.239025954428 0.839786759909 -0.487467733282 -0.232282997088 0.536895800270 0.811041003227 0.942820875020 -0.080629383806 0.323400216595 0.000461974725 0.003178879685 0.000264925152  | 1.000000000000 34.921470363854 56.520385697920 -29.842672883993 0.942820875020 -0.080629383806 0.323400216595 0.000000000000 . 97
12.116689399924 24.934834558160 53.976285389738 -0.003534777079 0.000059423334 0.008957325765 -0.752429552322 0.477396474000 -0.453808743200 0.056634260926 -0.639532524801 -0.766675100815 -0.656233441148 -0.602570125656 0.454166174858 0.001540870026 -0.002404795571 0.000802235974  | 1.000000000000 12.116689399924 24.934834558160 53.976285389738 -0.656233441148 -0.602570125656 0.454166174858 0.000000000000 . 189
-28.203220381618 20.650972237026 -0.215048491551 -0.012116435695 0.006001702498 0.004738938885 -0.628536765836 0.286483402393 0.723096669987 -0.752999371902 0.008670201851 -0.657964112635 -0.194765191727 -0.958045973716 0.210272281431 0.003326661965 -0.001161939677 0.000589157028  | 1.000000000000 -28.203220381618 20.650972237026 -0.215048491551 -0.194765191727 -0.958045973716 0.210272281431 0.000000000000 . 24
-16.038250470221 -41.016742839638 26.788480239053 -0.001937603105 0.003909737052 0.001496583631 0.390020025983 0.167518807187 -0.905440129755 -0.099221209923 -0.969941144054 -0.222192098356 -0.915444990610 0.176498233161 -0.361675051472 -0.001983638814 -0.004640261151 0.000732123578  | 1.000000000000 -16.038250470221 -41.016742839638 26.788480239053 -0.915444990610 0.176498233161 -0.361675051472 0.000000000000 . 54
29.557081528244 4.138899711974 49.962985782496 -0.007742185674 -0.005108165428 0.003907627378 0.737761283307 0.232021995065 0.633935393128 0.112678309964 -0.968228716829 0.223241462035 0.665591381643 -0.093268138794 -0.740465506940 -0.001532803808 0.006108696707 -0.000913530278  | 1.000000000000 29.557081528244 4.138899711974 49.962985782496 0.665591381643 -0.093268138794 -0.740465506940 0.000000000000 . 154
21.089727600795 44.238941290109 13.511858912220 -0.004998349053 0.005645906561 0.009549018198 0.909314692326 -0.186290437155 0.372078840226 -0.309004364318 -0.901175222602 0.303972895173 0.278680988142 -0.391381005150 -0.877016428384 0.001998210176 0.006730422245 -0.001106701241  | 1.000000000000 21.089727600795 44.238941290109 13.511858912220 0.278680988142 -0.391381005150 -0.877016428384 0.000000000000 . 188
-59.363608437355 -25.187337896063 16.152042867724 -0.004688888001 0.013390087846 -0.006180860386 0.371561402436 -0.458909083098 -0.807059215714 -0.900283567389 0.034247417218 -0.433954620558 0.226785410707 0.887822937225 -0.400423288068 -0.003601343945 0.003930366724 0.001908521140  | 1.000000000000 -59.363608437355 -25.187337896063 16.152042867724 0.226785410707 0.887822937225 -0.400423288068 0.000000000000 . 104
47.061811598683 46.238203999245 -52.264452501232 -0.003468203185 -0.006691671476 -0.006310633233 -0.491613426620 -0.558405112179 0.668206532039 -0.790792118333 0.607588514727 -0.074054185256 -0.364642378707 -0.564818490724 -0.740281033248 0.004800703418 -0.003962946667 0.000280302811  | 1.000000000000 47.061811598683 46.238203999245 -52.264452501232 -0.364642378707 -0.564818490724 -0.740281033248 0.000000000000 . 53
-24.755585992863 -3.308626680054 -57.303467501078 0.003856147776 -0.001695331240 -0.009522995874 0.390165792283 -0.390899440140 -0.833647576755 -0.815616287330 -0.566861252345 -0.115924080464 -0.427247851222 0.725166152194 -0.539993819723 -0.005739711465 0.001223379558 0.002168471342  | 1.000000000000 -24.755585992863 -3.308626680054 -57.303467501078 -0.427247851222 0.725166152194 -0.539993819723 0.000000000000 . 26
-11.505182605255 31.696606256839 -0.878981862794 -0.000336966740 0.001539740645 0.010453076734 -0.528057705462 0.603648901251 0.597296462170 -0.183708048618 -0.767903366707 0.613657699596 0.829099760328 0.214318509276 0.516392451539 -0.001223084959 0.002383666531 -0.001040504065  | 1.000000000000 -11.505182605255 31.696606256839 -0.878981862794 0.829099760328 0.214318509276 0.516392451539 0.000000000000 . 168
52.763185920214 34.252972968012 4.842979162439 -0.005105767217 0.002998640460 -0.004973864162 -0.878872243208 -0.396799050572 0.264828422913 0.034429632155 0.500923716155 0.864806354639 -0.475813178199 0.769172246027 -0.426586304743 -0.005130081479 -0.001187516977 0.001070776541  | 1.000000000000 52.763185920214 34.252972968012 4.842979162439 -0.475813178199 0.769172246027 -0.426586304743 0.000000000000 . 91
-38.244266969705 22.251753949847 18.839508963638 0.012491994965 0.004231138545 -0.009533918984 -0.826819163523 -0.012284800755 -0.562333668298 -0.080596673480 -0.986856876935 0.140063131015 -0.556663495349 0.161129103877 0.814962063429 -0.000162434357 -0.001598825798 -0.000903577421  | 1.000000000000 -38.244266969705 22.251753949847 18.839508963638 -0.556663495349 0.161129103877 0.814962063429 0.000000000000 . 133
-23.831202530732 -33.834991343859 11.222824062441 0.011684722097 -0.005714298972 -0.009092449961 0.910599635722 0.155106706639 0.383079904170 0.087363152040 0.833718991670 -0.545234190596 -0.403950471084 0.529957123251 0.745633599314 -0.001847378926 -0.000547081935 0.001793946030  | 1.000000000000 -23.831202530732 -33.834991343859 11.222824062441 -0.403950471084 0.529957123251 0.745633599314 0.000000000000 . 1
-5.482284046709 -57.982337154071 -31.202358365835 0.010975628806 0.009662207573 0.010403407391 0.711981850056 -0.207574087751 -0.670816549650 -0.169235112990 -0.977874386710 0.122968127364 -0.681499318944 0.025974639757 -0.731357639167 -0.002334662838 -0.005795386254 0.000832028106  | 1.000000000000 -5.482284046709 -57.982337154071 -31.202358365835 -0.681499318944 0.025974639757 -0.731357639167 0.000000000000 . 161
-44.341126950530 17.223203292060 -23.680962846032 0.009180976548 0.002017236167 -0.005255822536 0.868110810073 0.421955753799 0.261413395352 0.471323356983 -0.865909916374 -0.167494208519 0.155685306296 0.268613772098 -0.950583361333 -0.000349132634 -0.008412651660 -0.001186367765  | 1.000000000000 -44.341126950530 17.223203292060 -23.680962846032 0.155685306296 0.268613772098 -0.950583361333 0.000000000000 . 14
-28.341732483198 -29.124910406170 -5.506536881016 -0.001194646495 -0.002229192214 -0.004708438866 -0.974338995663 -0.082929769183 -0.209251463350 -0.204245178433 0.716425381432 0.667097129305 0.094590848490 0.692717349446 -0.714979192116 -0.006028894223 -0.001433417297 -0.000911516036  | 1.000000000000 -28.341732483198 -29.124910406170 -5.506536881016 0.094590848490 0.692717349446 -0.714979192116 0.000000000000 . 63
52.998908709284 7.072712707015 -49.035053689219 -0.005834657462 0.001345105317 -0.010510677664 0.293401528497 0.394779195092 -0.870669242708 -0.946290631748 -0.009469822386 -0.323178530738 -0.135829243321 0.918727222622 0.370797393562 -0.002810384737 -0.001362301470 -0.001382465606  | 1.000000000000 52.998908709284 7.072712707015 -49.035053689219 -0.135829243321 0.918727222622 0.370797393562 0.000000000000 . 187
-11.453292450986 19.787186160856 48.748948983296 0.004572027691 -0.004826157825 -0.007493830688 -0.125923165236 -0.988989607506 0.077736173705 -0.170615682812 -0.055602063096 -0.983767604345 0.977258228533 -0.137142140952 -0.161735549400 0.003908995455 0.002895882886 0.002946410941  | 1.000000000000 -11.453292450986 19.787186160856 48.748948983296 0.977258228533 -0.137142140952 -0.161735549400 0.000000000000 . 4
19.099452012027 -16.669420932659 -4.698484498529 -0.012565619181 0.002480575677 0.005681361269 0.532312302355 0.724185744766 -0.438404630267 0.706927086276 -0.665170866584 -0.240420075985 -0.465722779613 -0.181941543705 -0.866025153921 0.007376741321 0.002502126119 -0.002085050449  | 1.000000000000 19.099452012027 -16.669420932659 -4.698484498529 -0.465722779613 -0.181941543705 -0.866025153921 0.000000000000 . 112
3.648845766047 -39.670142498650 40.178772822495 0.007828870367 0.008800373013 -0.008554757381 -0.631655420233 -0.759036528023 -0.157718037070 0.578225578743 -0.596786023696 0.556328699610 -0.516397724800 0.260211435276 0.815857462289 -0.000526347387 -0.001509933505 -0.000657628462  | 1.000000000000 3.648845766047 -39.670142498650 40.178772822495 -0.516397724800 0.260211435276 0.815857462289 0.000000000000 . 41
12.848481351303 7.472465592390 -58.430120940387 0.002574056259 0.006629717648 -0.002212378800 0.735833617550 -0.585059955949 0.340960019986 0.130290713388 -0.371782003625 -0.919131368078 0.664509757106 0.720751683817 -0.197341817632 -0.005029966786 -0.001533048221 -0.003714401830  | 1.000000000000 12.848481351303 7.472465592390 -58.430120940387 0.664509757106 0.720751683817 -0.197341817632 0.000000000000 . 197
-47.594971370415 21.784553248445 -28.710995292884 0.004537493092 -0.013295892467 -0.013394946708 0.603853104369 -0.592821274367 0.532845535781 -0.762156566867 -0.625162813040 0.168192820219 0.233406932043 -0.507675480843 -0.829329132628 -0.007504558951 -0.005965856171 0.000698126537  | 1.000000000000 -47.594971370415 21.784553248445 -28.710995292884 0.233406932043 -0.507675480843 -0.829329132628 0.000000000000 . 82
-51.355887385704 -36.825012649138 -11.417658512443 0.001678051680 0.006849228182 0.000865045145 0.541851100913 0.615889851972 0.571906526171 0.162984975713 -0.744538189760 0.647378391423 0.824520031370 -0.257570522822 -0.503809630359 0.004918726493 0.002969597560 0.002188247464  | 1.000000000000 -51.355887385704 -36.825012649138 -11.417658512443 0.824520031370 -0.257570522822 -0.503809630359 0.000000000000 . 98
-28.930227508140 -48.726865521999 -32.026360729409 0.001352748744 -0.003558967916 -0.006476500888 0.356093630515 -0.932062019574 0.066766143915 -0.918930225976 -0.362252367836 -0.156014299940 0.169601197209 -0.005797729238 -0.985495723096 0.007387931883 0.002872098955 0.000622691056  | 1.000000000000 -28.930227508140 -48.726865521999 -32.026360729409 0.169601197209 -0.005797729238 -0.985495723096 0.000000000000 . 152
-50.597904013836 -49.280354439717 3.875497687546 0.010783491818 -0.006713637431 0.008183028542 0.557849648173 -0.323296643184 0.764384098827 0.579878577397 -0.507074739872 -0.637664522817 0.593754667779 0.798970893519 -0.095398667708 -0.004472216098 0.000382642322 -0.002145044505  | 1.000000000000 -50.597904013836 -49.280354439717 3.875497687546 0.593754667779 0.798970893519 -0.095398667708 0.000000000000 . 131
-61.740071465056 52.451900257223 39.145516837555 0.007511764490 -0.006037390181 -0.007763579775 0.543841490586 0.032801898504 -0.838546640666 -0.166521706914 -0.975147482234 -0.146143453564 -0.822500428112 0.219115091556 -0.524863432150 0.000279158956 -0.005541245431 -0.000946825110  | 1.000000000000 -61.740071465056 52.451900257223 39.145516837555 -0.822500428112 0.219115091556 -0.524863432150 0.000000000000 . 195
-3.388742770364 1.577157721858 -36.385603405103 0.001810352449 0.001185758429 -0.009504140634 0.468084033458 -0.073590761841 0.880614409031 -0.362305801813 -0.924901562968 0.115289222355 0.805997421580 -0.373016753766 -0.459594014121 0.000665865581 0.005312493089 -0.000989976035  | 1.000000000000 -3.388742770364 1.577157721858 -36.385603405103 0.805997421580 -0.373016753766 -0.459594014121 0.000000000000 . 89
17.409459410055 13.951315651231 38.460756101414 0.004835484542 0.000235840072 -0.004161868411 -0.462000175153 0.879915227530 -0.110928042076 -0.812542056527 -0.369825146508 0.450560503578 0.355431068609 0.298292731005 0.885827411010 0.009336864333 -0.011653161084 -0.001378990950  | 1.000000000000 17.409459410055 13.951315651231 38.460756101414 0.355431068609 0.298292731005 0.885827411010 0.000000000000 . 8
16.803254070753 -50.638403234407 -31.556866250201 -0.008637042570 0.001558366217 0.003801526880 0.410290244490 -0.838129182060 0.359445947893 -0.901505851041 -0.313260245430 0.298588712401 -0.137655787441 -0.446550660971 -0.884105984241 0.006196698029 0.003580282011 -0.001301300702  | 1.000000000000 16.803254070753 -50.638403234407 -31.556866250201 -0.137655787441 -0.446550660971 -0.884105984241 0.000000000000 . 40
-37.895876998614 -4.142696278890 -0.624581062331 0.003848611030 -0.001240100031 -0.003673579199 0.189671696343 0.936412551738 0.295222256197 0.053953163016 0.290285751008 -0.955417834752 -0.980364066970 0.197143895948 0.004536571764 0.000646075817 -0.004070495856 -0.001442406624  | 1.000000000000 -37.895876998614 -4.142696278890 -0.624581062331 -0.980364066970 0.197143895948 0.004536571764 0.000000000000 . 119
58.354452597782 -50.842300415772 21.408174657430 0.000683058553 -0.000004827588 -0.006688919228 0.112899380835 0.281461709500 0.952907674380 -0.015921578612 0.959428699304 -0.281501464092 -0.993478853898 0.016609546552 0.112800220841 0.001433914369 -0.003578722820 -0.001672683772  | 1.000000000000 58.354452597782 -50.842300415772 21.408174657430 -0.993478853898 0.016609546552 0.112800220841 0.000000000000 . 12
44.665728565574 -21.797944092624 3.469142927531 0.010684301834 -0.006413005841 -0.008581012303 -0.766302774477 -0.620206633638 0.167701489026 -0.433949814234 0.692124653222 0.576759068528 -0.473780135248 0.369198044408 -0.799515595501 0.002443543109 -0.006544421576 -0.001986029048  | 1.000000000000 44.665728565574 -21.797944092624 3.469142927531 -0.473780135248 0.369198044408 -0.799515595501 0.000000000000 . 6
-32.043925367377 21.692719443321 -24.621605993750 0.003204311033 0.001147543620 -0.008880529661 0.655351375711 0.220569754738 -0.722401244218 -0.721335608253 0.466437218344 -0.511968027917 0.224030164531 0.856612692317 0.464785090921 -0.002852255859 -0.000237091590 -0.001573362280  | 1.000000000000 -32.043925367377 21.692719443321 -24.621605993750 0.224030164531 0.856612692317 0.464785090921 0.000000000000 . 27
-56.262645171495 -60.394542882650 -2.411059643470 0.000048604443 -0.001291974950 -0.007685834764 -0.099627790367 -0.868141430026 -0.486214727110 -0.358085053133 -0.424625108099 0.831545917130 -0.928358442688 0.256951308704 -0.268564008843 -0.002581287503 -0.004067292712 0.001065191778  | 1.000000000000 -56.262645171495 -60.394542882650 -2.411059643470 -0.928358442688 0.256951308704 -0.268564008843 0.000000000000 . 61
-1.119730844727 -12.295039206789 -21.077007542282 0.001288989934 0.006054112467 -0.011135034074 -0.533887845421 -0.010040942558 -0.845495681825 -0.677727319560 -0.592847696233 0.434991137143 -0.505617888166 0.805252003129 0.309709158119 -0.001283022786 -0.003197507584 -0.002790244495  | 1.000000000000 -1.119730844727 -12.295039206789 -21.077007542282 -0.505617888166 0.805252003129 0.309709158119 0.000000000000 . 118
-49.334441356729 39.963572300263 39.103969597431 0.004225433321 -0.001740472077 -0.000979533671 0.887244776922 0.146566505660 -0.437395662123 -0.098049915092 0.986434966223 0.131652085294 0.450758161297 -0.073921017515 0.889580104990 -0.000679425134 0.001144217571 -0.003539562945  | 1.000000000000 -49.334441356729 39.963572300263 39.103969597431 0.450758161297 -0.073921017515 0.889580104990 0.000000000000 . 166
47.631798289200 -17.794075809706 -27.635173375995 0.001521246074 0.009527069143 0.006006444671 0.236274704410 -0.255286978481 -0.937551504011 -0.943493638582 0.170461859870 -0.284187452723 0.232366129225 0.951720186267 -0.200585814656 0.011212977743 0.000449112137 0.002526219768  | 1.000000000000 47.631798289200 -17.794075809706 -27.635173375995 0.232366129225 0.951720186267 -0.200585814656 0.000000000000 . 157
24.208364240577 42.298191992505 -55.743709471041 0.008867429491 -0.002442796144 -0.002919053043 0.439314069079 -0.701989082584 0.560548371368 0.673100358309 0.670462924985 0.312114360235 -0.594927774065 0.240189080004 0.767052898758 -0.000588546695 -0.001703338589 -0.000253192904  | 1.000000000000 24.208364240577 42.298191992505 -55.743709471041 -0.594927774065 0.240189080004 0.767052898758 0.000000000000 . 192
55.022032834753 -1.903032859225 -56.093337938041 -0.005124040534 -0.001840995161 -0.008377379711 -0.321696924259 0.352520620317 -0.878772041643 0.943751327496 0.194317264885 -0.267533609883 0.076449465478 -0.915407020303 -0.395203069838 0.004994690291 0.001148887961 -0.000480115501  | 1.000000000000 55.022032834753 -1.903032859225 -56.093337938041 0.076449465478 -0.915407020303 -0.395203069838 0.000000000000 . 72
45.113351009829 49.569131661091 41.522620996863 -0.005366122603 -0.000142207591 0.003278640663 -0.893359037807 0.399297536037 -0.206085194235 0.379087271888 0.915978896409 0.131436302545 0.241251880533 0.039295534716 -0.969666639155 0.006379919328 -0.005762256073 0.000666476546  | 1.000000000000 45.113351009829 49.569131661091 41.522620996863 0.241251880533 0.039295534716 -0.969666639155 0.000000000000 . 111
-57.775807073684 -3.216639041853 20.859036605566 0.001042293595 -0.000307767264 0.001793521643 0.251129558714 -0.874416789658 0.415125550532 -0.966394209748 -0.250829767840 0.056273074647 0.054919724188 -0.415306760756 -0.908022091342 0.006992890856 -0.000702119639 0.000354106203  | 1.000000000000 -57.775807073684 -3.216639041853 20.859036605566 0.054919724188 -0.415306760756 -0.908022091342 0.000000000000 . 135
-26.883148799638 -28.453802476932 15.205704498733 0.011371947846 0.002122022535 0.000861024471 0.029725008105 -0.925821440898 -0.376790503419 -0.990648691925 0.022930993927 -0.134496612243 0.133160028088 0.377264932230 -0.916482175402 -0.006287303927 0.003227089396 0.000198410371  | 1.000000000000 -26.883148799638 -28.453802476932 15.205704498733 0.133160028088 0.377264932230 -0.916482175402 0.000000000000 . 11
-4.193172068455 32.169428706708 -22.032419974319 0.001130972653 -0.010687288316 -0.002501964350 0.353997596663 -0.897863141797 0.261777539448 0.799880334656 0.435703106823 0.412739933779 -0.484641260921 0.063281761254 0.872420923010 -0.000087130357 -0.001318643914 -0.000323087020  | 1.000000000000 -4.193172068455 32.169428706708 -22.032419974319 -0.484641260921 0.063281761254 0.872420923010 0.000000000000 . 3
39.423565054403 63.268673339464 -33.022800123133 -0.010031255867 0.001850807671 -0.004115497050 0.466752470843 0.848380286026 -0.249785950854 0.860011573004 -0.369552165817 0.351868286491 0.206209178409 -0.379054200639 -0.902106250792 0.006577183603 -0.003256641990 0.001362026534  | 1.000000000000 39.423565054403 63.268673339464 -33.022800123133 0.206209178409 -0.379054200639 -0.902106250792 0.000000000000 . 15
57.192687312408 54.120394402136 59.663015041499 -0.002525926687 -0.001712631486 -0.009528106800 0.326095960104 0.418701225166 0.847555726102 -0.884808863687 0.450841336604 0.117708809991 -0.332828333447 -0.788309186331 0.517488093778 0.001828837353 -0.002035539654 0.002064085268  | 1.000000000000 57.192687312408 54.120394402136 59.663015041499 -0.332828333447 -0.788309186331 0.517488093778 0.000000000000 . 83
-42.983330473224 29.603473457830 -0.349990856479 0.012983466439 -0.002131076983 0.006420700527 0.962312115512 0.109102234865 0.249102578643 0.094127848004 0.725748087105 -0.681490764643 -0.255137885405 0.679254309085 0.688126618451 -0.001607185294 -0.001420048560 -0.001778030016  | 1.000000000000 -42.983330473224 29.603473457830 -0.349990856479 -0.255137885405 0.679254309085 0.688126618451 0.000000000000 . 101
51.256971157093 -33.823245489549 -47.201456847635 -0.004390281993 0.012114891940 -0.000434146576 -0.893634347939 0.204470496481 -0.399511537072 -0.418051976355 -0.703051813759 0.575283140927 -0.163248881313 0.681109362172 0.713750544316 -0.001829132964 -0.000857121367 -0.000996296949  | 1.000000000000 51.256971157093 -33.823245489549 -47.201456847635 -0.163248881313 0.681109362172 0.713750544316 0.000000000000 . 184
-3.117888489941 -27.413417742533 5.011984582678 0.003793297678 -0.001185133732 0.009555102231 0.613821320797 -0.708223249920 0.348773872886 -0.576846545480 -0.703987181862 -0.414306783364 0.538954032458 0.053121333251 -0.840658476940 0.007821015047 0.000523378391 0.002305136714  | 1.000000000000 -3.117888489941 -27.413417742533 5.011984582678 0.538954032458 0.053121333251 -0.840658476940 0.000000000000 . 64
52.539758875509 -0.362201957400 -20.688612775185 -0.001679037512 -0.011298164499 -0.000490310878 0.943523908808 0.249421792112 -0.218062842153 0.189451086694 -0.946153492900 -0.262491625814 -0.271792051500 0.206354882404 -0.939971671514 0.001324356366 -0.007336196142 -0.000965895364  | 1.000000000000 52.539758875509 -0.362201957400 -20.688612775185 -0.271792051500 0.206354882404 -0.939971671514 0.000000000000 . 45
26.510659755731 -12.986993879223 5.080744032133 -0.012101195631 0.005027730786 0.008133933804 0.148047115662 -0.840426362414 0.521311404923 -0.867249902230 -0.363683257152 -0.340017787107 0.475352141707 -0.401768612297 -0.782701937871 0.006802012249 -0.001926166041 0.002247837136  | 1.000000000000 26.510659755731 -12.986993879223 5.080744032133 0.475352141707 -0.401768612297 -0.782701937871 0.000000000000 . 75
53.413136723452 30.901190868439 13.676890390865 -0.001748547852 -0.014361714503 -0.000379425888 0.142915205117 0.923803697893 0.355192865786 0.887989329327 0.038807592552 -0.458223659103 -0.437092890754 0.380894602901 -0.814781631072 -0.004398537459 -0.004820187040 0.000047711647  | 1.000000000000 53.413136723452 30.901190868439 13.676890390865 -0.437092890754 0.380894602901 -0.814781631072 0.000000000000 . 186
59.812981050518 -34.144568667685 9.379750205259 -0.008955077070 -0.002566088195 -0.011842100555 -0.174485564614 0.894461656188 -0.411695437613 -0.971069721846 -0.225540307258 -0.078454860365 -0.163028779834 0.386095733480 0.907938159532 -0.000638938321 -0.001001960229 -0.003070623402  | 1.000000000000 59.812981050518 -34.144568667685 9.379750205259 -0.163028779834 0.386095733480 0.907938159532 0.000000000000 . 137
5.402129465399 -29.067416064191 4.940921534291 -0.001899491073 -0.003484834110 0.005010831698 0.889816242552 -0.450374708809 -0.073414413818 0.189375381965 0.218093884278 0.957377680096 -0.415167459222 -0.865793092664 0.279353363140 -0.012028682670 0.004170469843 0.001919320882  | 1.000000000000 5.402129465399 -29.067416064191 4.940921534291 -0.415167459222 -0.865793092664 0.279353363140 0.000000000000 . 122
-54.035420167794 36.364132024748 -51.070222994918 0.004473904442 -0.013468956385 -0.010654090217 0.637394226734 -0.769596598954 0.038074592641 0.585739722101 0.451831216156 -0.672872595711 0.500637171691 0.451186909146 0.738777906638 -0.000798073538 0.001770838839 0.001529097452  | 1.000000000000 -54.035420167794 36.364132024748 -51.070222994918 0.500637171691 0.451186909146 0.738777906638 0.000000000000 . 149
38.862549086485 -54.222110934712 -57.582247869522 -0.002382898426 0.004249260489 -0.001377509207 -0.776107128694 -0.543180078869 0.320332837391 -0.541236563539 0.834457464554 0.103651927810 -0.323605789626 -0.092930844022 -0.941617306102 -0.006085511187 -0.004714086207 0.001239889400  | 1.000000000000 38.862549086485 -54.222110934712 -57.582247869522 -0.323605789626 -0.092930844022 -0.941617306102 0.000000000000 . 117
-27.799517113421 21.732047215141 7.289672074861 -0.000330557331 -0.003208522015 -0.000110357871 -0.612479892260 0.427407178920 -0.664974800263 0.789732214023 0.294113033232 -0.538349843334 -0.034516832283 -0.854880475325 -0.517675536604 -0.010381836885 -0.002128951913 0.001435317840  | 1.000000000000 -27.799517113421 21.732047215141 7.289672074861 -0.034516832283 -0.854880475325 -0.517675536604 0.000000000000 . 92
-58.571317791473 -43.365543190380 53.660432001456 0.003066374729 -0.011638579495 0.003523260306 -0.284831477827 0.735098423616 0.615224623073 -0.412812380630 0.485179592366 -0.770835067670 -0.865134074949 -0.473530432759 0.165263309946 0.002692364503 -0.002517502606 -0.001362276518  | 1.000000000000 -58.571317791473 -43.365543190380 53.660432001456 -0.865134074949 -0.473530432759 0.165263309946 0.000000000000 . 115
-49.408722760156 -37.296457549706 14.747203443227 0.000425801779 0.002024482790 0.000512442083 -0.324109871862 -0.945140089630 0.040779920731 -0.941819713547 0.318313772108 -0.107944289619 0.089041665171 -0.073393143138 -0.993320204367 0.007671771912 -0.002253166396 0.000425658668  | 1.000000000000 -49.408722760156 -37.296457549706 14.747203443227 0.089041665171 -0.073393143138 -0.993320204367 0.000000000000 . 49
4.702037860918 42.372814443251 42.011056226648 0.006895028712 -0.001327204320 0.004246026961 -0.791448100105 0.574185854678 0.209572205043 -0.158825677460 0.137902161676 -0.977628456002 -0.590240890670 -0.807027631554 -0.017946946502 0.002904067059 -0.002926132919 0.000635957476  | 1.000000000000 4.702037860918 42.372814443251 42.011056226648 -0.590240890670 -0.807027631554 -0.017946946502 0.000000000000 . 151
14.193578909950 54.846611790918 28.146512983506 -0.004713505173 -0.001749483975 0.001380834239 -0.963407099736 0.028945691326 0.266474965301 0.057054140547 0.993514809002 0.098352169978 -0.261899952702 0.109956678954 -0.958810692227 -0.007757934194 -0.000114768824 0.001030820698  | 1.000000000000 14.193578909950 54.846611790918 28.146512983506 -0.261899952702 0.109956678954 -0.958810692227 0.000000000000 . 33
38.545761843854 -11.191112164098 -30.385979098331 0.022825189357 -0.000710658074 0.009046548989 0.270485711301 0.851085397541 -0.449990139974 0.361780330412 -0.523013077996 -0.771733317133 -0.892161685183 0.045945253698 -0.449373520752 -0.003815283020 -0.004056534000 0.002219904584  | 1.000000000000 38.545761843854 -11.191112164098 -30.385979098331 -0.892161685183 0.045945253698 -0.449373520752 0.000000000000 . 56
13.042732856819 20.723353291806 55.393351515646 -0.004331285953 -0.002766575083 0.004309317707 -0.987873839118 0.006100629874 -0.155138842012 0.034098806598 0.983355964862 -0.178460969850 0.151467981351 -0.181586972788 -0.971639656426 0.003693794593 0.006574236308 -0.000321714086  | 1.000000000000 13.042732856819 20.723353291806 55.393351515646 0.151467981351 -0.181586972788 -0.971639656426 0.000000000000 . 125
-35.287848751545 21.326221100351 -43.006392660260 0.003049738850 0.002016548875 0.014227997772 -0.849528104344 0.131604668553 0.510864180722 0.039202086693 0.981454451871 -0.187644225336 -0.526084780552 -0.139382101140 -0.838932317623 -0.004214808362 -0.005618138245 0.001631606904  | 1.000000000000 -35.287848751545 21.326221100351 -43.006392660260 -0.526084780552 -0.139382101140 -0.838932317623 0.000000000000 . 62
-0.905692353205 7.972616791454 56.742608066656 0.008156216916 -0.009036269127 -0.004255138014 0.499328647504 0.488856136157 0.715325506273 -0.763232988430 -0.142564171237 0.630199065733 0.410056468250 -0.860636471003 0.301924754905 0.003058551754 0.001163199538 0.000362549729  | 1.000000000000 -0.905692353205 7.972616791454 56.742608066656 0.410056468250 -0.860636471003 0.301924754905 0.000000000000 . 102
-33.576803392511 9.610366868391 -40.608066749731 0.007004890135 0.000114772606 -0.007734924380 0.940955503784 -0.331562581339 -0.068330041371 -0.338201707460 -0.929584756947 -0.146600766449 -0.014911236350 0.161054134712 -0.986832924422 -0.007701111864 0.000319234357 0.000083674356  | 1.000000000000 -33.576803392511 9.610366868391 -40.608066749731 -0.014911236350 0.161054134712 -0.986832924422 0.000000000000 . 147
-6.736422183955 -43.000446565611 -5.362966300248 0.004365956977 -0.003738637036 0.003327423787 -0.909777318650 -0.310323405786 -0.275689343812 -0.397311487090 0.843327787085 0.361858847835 0.120203214166 0.438745515478 -0.890535546709 0.008934725380 0.001958617970 0.001022629348  | 1.000000000000 -6.736422183955 -43.000446565611 -5.362966300248 0.120203214166 0.438745515478 -0.890535546709 0.000000000000 . 182
21.175377369346 -30.100226335843 32.576076502750 0.004315941879 -0.003531568418 0.007244888872 -0.685613580253 0.575833247085 0.445365120013 -0.050196927699 0.572941365235 -0.818057736625 -0.726232942672 -0.583227454391 -0.363911320823 0.000174682185 -0.005274839319 0.002162583004  | 1.000000000000 21.175377369346 -30.100226335843 32.576076502750 -0.726232942672 -0.583227454391 -0.363911320823 0.000000000000 . 22
18.660588382990 35.733517959403 14.548251086327 -0.001892930570 0.001937902437 -0.005809665709 -0.563379233461 -0.644348109017 -0.517126052051 0.269184482282 0.448603673399 -0.852229111631 0.781116863090 -0.619330492240 -0.079285481512 0.003622840914 0.002365823626 0.001264387807  | 1.000000000000 18.660588382990 35.733517959403 14.548251086327 0.781116863090 -0.619330492240 -0.079285481512 0.000000000000 . 162
17.694909272595 43.090040784435 -59.692657897737 0.006741493738 0.000060612942 0.006569323059 0.385576576822 0.891831311189 -0.236574757296 0.692768516865 -0.110470019274 0.712648691069 0.609427998575 -0.438672186519 -0.660427306619 0.003748793765 0.004594635837 0.000162055245  | 1.000000000000 17.694909272595 43.090040784435 -59.692657897737 0.609427998575 -0.438672186519 -0.660427306619 0.000000000000 . 173
-20.683144325210 -11.040073889801 -0.265011322389 -0.008409734409 0.008251390932 0.007498065605 0.425391629357 -0.713715555112 0.556463896461 -0.904701742700 -0.351392191534 0.240911362298 0.023594881411 -0.605915533816 -0.795179003402 0.006418260507 -0.000630947033 0.000297317733  | 1.000000000000 -20.683144325210 -11.040073889801 -0.265011322389 0.023594881411 -0.605915533816 -0.795179003402 0.000000000000 . 58
16.404856228315 -50.575392948727 -49.805669349672 -0.008819795691 0.010915095629 0.006861304208 0.327966730911 0.834720626500 0.442356529409 0.132152369600 -0.504190314650 0.853421278046 0.935400221629 -0.221435323082 -0.275667957999 -0.004559206886 -0.010332782364 -0.001549494642  | 1.000000000000 16.404856228315 -50.575392948727 -49.805669349672 0.935400221629 -0.221435323082 -0.275667957999 0.000000000000 . 17
20.498710013784 6.725046207557 60.013286986372 -0.006180690368 -0.018304723386 0.005612143487 -0.595867829803 -0.803076549155 0.003096062523 0.786853817546 -0.583051069542 0.202268435796 -0.160631874857 0.122961402491 0.979325223957 -0.000267491571 -0.000455341211 -0.000629836146  | 1.000000000000 20.498710013784 6.725046207557 60.013286986372 -0.160631874857 0.122961402491 0.979325223957 0.000000000000 . 55
-52.560586940069 43.350686936303 -10.823306256043 0.002887527351 -0.000010726080 0.003621920689 0.513021676769 -0.265557196346 -0.816264745431 -0.828438941509 -0.402129008561 -0.389847637757 -0.224716887119 0.876225790503 -0.426298820901 -0.005158434074 -0.000721624594 0.000369404452  | 1.000000000000 -52.560586940069 43.350686936303 -10.823306256043 -0.224716887119 0.876225790503 -0.426298820901 0.000000000000 . 134
-46.344709331575 56.984759402496 -34.699626881056 -0.009828786078 0.002477638226 -0.001121966864 -0.464408102008 0.495242923189 0.734206756861 0.843343320880 -0.005787277674 0.537343977861 0.270364860726 0.868735261428 -0.414972152844 -0.005001534295 -0.002271955223 -0.002350552600  | 1.000000000000 -46.344709331575 56.984759402496 -34.699626881056 0.270364860726 0.868735261428 -0.414972152844 0.000000000000 . 67
29.956417205383 -23.311277195393 -24.197490664673 -0.002551801743 0.006290512488 -0.006112575729 0.614966355086 0.588229697536 -0.525168739596 0.697729945585 -0.095600867497 0.709953095048 0.367408907277 -0.803023223245 -0.469216791881 0.004803571253 0.002299336060 -0.000055502574  | 1.000000000000 29.956417205383 -23.311277195393 -24.197490664673 0.367408907277 -0.803023223245 -0.469216791881 0.000000000000 . 43
-38.947679914835 -62.532154171402 -56.891213325995 0.020889110139 -0.001612863228 0.005245267676 -0.375476029887 0.926305670029 0.031233902273 0.809356443306 0.311277448401 0.498044674498 0.451619196513 0.212283197141 -0.866588683028 -0.001130551547 0.006712199620 0.000489828530  | 1.000000000000 -38.947679914835 -62.532154171402 -56.891213325995 0.451619196513 0.212283197141 -0.866588683028 0.000000000000 . 139
-62.900563183130 8.040722557126 62.163577887648 -0.005434138806 0.000597852336 0.000649823816 -0.606607217974 -0.787553975568 -0.108565273775 -0.787967798522 0.613733107076 -0.049380378406 0.105519816123 0.055591445805 -0.992862105007 0.002893321251 -0.007918631159 -0.000067694057  | 1.000000000000 -62.900563183130 8.040722557126 62.163577887648 0.105519816123 0.055591445805 -0.992862105007 0.000000000000 . 199
30.204028858621 -32.751928943451 -48.808927546044 0.005609958200 0.006504900131 -0.011763315121 -0.992446359728 -0.122269559440 0.010018877014 -0.105752268632 0.894047400867 0.435311041305 -0.062182640194 0.430963339319 -0.900224371710 0.006778705119 -0.005580583230 -0.001487479435  | 1.000000000000 30.204028858621 -32.751928943451 -48.808927546044 -0.062182640194 0.430963339319 -0.900224371710 0.000000000000 . 126
6.747548371489 -0.600412734055 56.100221385996 -0.001078029550 0.002700156353 -0.003829573284 0.286607421843 0.581158708668 -0.761650012200 0.027786530537 -0.799709849023 -0.599743333515 -0.957645077503 0.150727279264 -0.245351162256 0.000664818187 -0.004708596297 -0.001081119873  | 1.000000000000 6.747548371489 -0.600412734055 56.100221385996 -0.957645077503 0.150727279264 -0.245351162256 0.000000000000 . 77
-40.261586691628 37.853670267347 -58.447136333235 -0.004417106206 0.006745552682 -0.002558358151 -0.550195361291 0.115402398762 -0.827023186358 0.014138646556 0.991549739425 0.128954305551 0.834916261123 0.059257072207 -0.547177700848 -0.000283638138 0.005552603674 0.000059603331  | 1.000000000000 -40.261586691628 37.853670267347 -58.447136333235 0.834916261123 0.059257072207 -0.547177700848 0.000000000000 . 196
-55.112666348373 60.426372515765 -54.687995114978 0.008289177301 0.005085836206 -0.005131153975 0.460694227220 -0.569839955138 -0.680472816896 -0.887429851190 -0.282662485696 -0.364101879144 0.015135660605 0.771611524479 -0.635913962003 -0.004561077220 0.004110432572 0.001896568044  | 1.000000000000 -55.112666348373 60.426372515765 -54.687995114978 0.015135660605 0.771611524479 -0.635913962003 0.000000000000 . 31
-39.411559352436 -63.146079259587 28.578019200396 -0.007582428662 -0.002136325438 0.008446318118 0.887417993397 -0.403403024602 -0.223058971433 -0.310749502260 -0.166116784158 -0.935863216964 0.340476213325 0.899817322440 -0.272772312373 -0.003313243341 0.003620750718 0.001673460079  | 1.000000000000 -39.411559352436 -63.146079259587 28.578019200396 0.340476213325 0.899817322440 -0.272772312373 0.000000000000 . 29
2.758579753576 -0.328761499378 -12.728766145356 0.009508245957 -0.002035370057 -0.000546200028 -0.281402445620 -0.544612953695 -0.790069233844 -0.285477752301 -0.738547775448 0.610777894428 -0.916141428241 0.397421582263 0.052354268324 0.000873383230 -0.004051314692 -0.002543379430  | 1.000000000000 2.758579753576 -0.328761499378 -12.728766145356 -0.916141428241 0.397421582263 0.052354268324 0.000000000000 . 96
-36.966160201834 -25.131505530282 -38.534581016770 0.000352922907 -0.007473808916 -0.011837679609 -0.518647657438 0.335308782221 -0.786493883002 -0.516019374246 -0.856219277092 -0.024749847255 -0.681710065085 0.393009631054 0.617101950297 -0.001469178450 -0.001835284177 0.000731968718  | 1.000000000000 -36.966160201834 -25.131505530282 -38.534581016770 -0.681710065085 0.393009631054 0.617101950297 0.000000000000 . 130
-17.373217825705 14.807136116201 -35.137513225759 0.005094683285 -0.007438541880 0.007765823061 -0.997312149357 0.008421590702 -0.072784294699 -0.051131082942 -0.791495452283 0.609032479735 -0.052479415984 0.611117031202 0.789798635776 -0.001709175581 0.000156924816 0.000882943604  | 1.000000000000 -17.373217825705 14.807136116201 -35.137513225759 -0.052479415984 0.611117031202 0.789798635776 0.000000000000 . 95
32.875239443278 -54.200073885246 61.443752554681 0.005357687162 0.003480494155 -0.004888645448 0.431932667474 -0.756873243489 -0.490486558490 0.705581295541 0.622311772184 -0.338944086221 0.561773269346 -0.199677118099 0.802832387461 0.001008424807 0.001339774310 0.001516394269  | 1.000000000000 32.875239443278 -54.200073885246 61.443752554681 0.561773269346 -0.199677118099 0.802832387461 0.000000000000 . 163
13.098989528436 57.823575720906 13.180663985845 -0.007571237372 0.011587670724 0.003523615524 -0.185337473649 -0.965751784296 -0.181586100761 -0.533392609355 -0.056328395539 0.843990187230 -0.825313482955 0.253279693194 -0.504685101691 -0.003371297771 -0.004355395389 0.001116010517  | 1.000000000000 13.098989528436 57.823575720906 13.180663985845 -0.825313482955 0.253279693194 -0.504685101691 0.000000000000 . 16
-40.218476592530 -3.456858596657 -22.615771851234 0.007501828719 0.007057617828 0.005264450136 -0.007169122768 -0.237794290654 -0.971289081073 -0.353324690294 -0.908059318627 0.224922068912 -0.935473284978 0.344792907681 -0.077508605364 0.001443041342 -0.004297020281 -0.002627829570  | 1.000000000000 -40.218476592530 -3.456858596657 -22.615771851234 -0.935473284978 0.344792907681 -0.077508605364 0.000000000000 . 116
-33.476534441275 57.744827749524 50.328300889461 -0.001291778665 0.000832222031 0.011483532944 -0.535425596632 -0.775870807293 0.333682365223 -0.590709288981 0.626391625707 0.508621732877 -0.603640593717 0.075219822079 -0.793700202837 0.002496098060 0.009466440315 -0.000443040650  | 1.000000000000 -33.476534441275 57.744827749524 50.328300889461 -0.603640593717 0.075219822079 -0.793700202837 0.000000000000 . 177
40.637474450364 -17.893190270059 -29.676678169379 -0.001608786899 -0.003492840452 -0.011430485228 -0.964910748988 0.256753513101 0.054998909054 0.206638871144 0.871739312194 -0.444264502867 -0.162011183007 -0.417310681729 -0.894205888761 0.005123103371 -0.004745820801 0.000607368857  | 1.000000000000 40.637474450364 -17.893190270059 -29.676678169379 -0.162011183007 -0.417310681729 -0.894205888761 0.000000000000 . 70
-17.769094179225 46.380069931512 21.883979295016 -0.007917414873 -0.004133745360 0.004776036439 0.847928285575 -0.052018043442 0.527552599917 -0.514546416122 0.158618206833 0.842663782369 -0.127513168647 -0.985968755903 0.107731166354 0.003267394344 -0.002112221341 0.001867092405  | 1.000000000000 -17.769094179225 46.380069931512 21.883979295016 -0.127513168647 -0.985968755903 0.107731166354 0.000000000000 . 107
-24.906181417795 -2.490074282239 -61.840587531170 0.001063782831 -0.010192105912 -0.002227964528 -0.811583702821 0.387665356408 0.437089767388 -0.559859273086 -0.729902989209 -0.392172437435 0.167001460038 -0.562989518362 0.809415415322 0.001436067948 0.000781227642 -0.001049389796  | 1.000000000000 -24.906181417795 -2.490074282239 -61.840587531170 0.167001460038 -0.562989518362 0.809415415322 0.000000000000 . 103
8.447797070368 38.244801249845 21.339024254433 0.007439034987 0.008117173205 0.004261878682 -0.756548973334 0.150997606633 0.636265175644 0.584700577512 0.591913932044 0.554764032458 -0.292846180791 0.791730774849 -0.536100265392 0.010386330268 0.002490985542 -0.000696182743  | 1.000000000000 8.447797070368 38.244801249845 21.339024254433 -0.292846180791 0.791730774849 -0.536100265392 0.000000000000 . 153
26.781669304729 62.459557848247 -14.828048534693 0.000934790696 -0.001766177930 0.007692716690 0.946022980320 -0.035009673466 -0.322203109031 0.002434509201 -0.993352909714 0.115082882863 -0.324090410026 -0.109655458263 -0.939649448785 0.004942385104 -0.005347672742 -0.000523485483  | 1.000000000000 26.781669304729 62.459557848247 -14.828048534693 -0.324090410026 -0.109655458263 -0.939649448785 0.000000000000 . 18
45.891402117570 -27.984162156761 9.393289459377 -0.000296709213 0.000236398115 0.000988837568 -0.866939347467 0.392350564767 -0.307371440022 0.473953323493 0.839783805641 -0.264823350430 0.154221966542 -0.375265498161 -0.913997478621 -0.002424778000 0.007485648250 -0.001663042943  | 1.000000000000 45.891402117570 -27.984162156761 9.393289459377 0.154221966542 -0.375265498161 -0.913997478621 0.000000000000 . 36
-18.930874898523 -58.202678436492 -34.172559180118 -0.004514312486 -0.003759073029 -0.004762714965 -0.845960172880 -0.393060677122 0.360353562494 -0.496184034940 0.332690686161 -0.801946576034 0.195327390225 -0.857216548745 -0.476473503130 0.002826086133 0.005035545867 -0.002549684360  | 1.000000000000 -18.930874898523 -58.202678436492 -34.172559180118 0.195327390225 -0.857216548745 -0.476473503130 0.000000000000 . 185
33.939101511394 37.680733917093 -24.003088654286 -0.002404956823 0.004403251558 0.005280060088 0.915602772905 -0.352144034968 0.194077667148 -0.043247207286 -0.566127847463 -0.823182203032 0.399751474433 0.745314590601 -0.533577473031 -0.005019228534 0.002297677761 -0.000191676870  | 1.000000000000 33.939101511394 37.680733917093 -24.003088654286 0.399751474433 0.745314590601 -0.533577473031 0.000000000000 . 183
5.413967292477 42.411246743926 -23.535006139913 0.007823191040 -0.005863632250 -0.007508025207 -0.979525502147 -0.062997826596 0.191209478026 0.201166661477 -0.343360179648 0.917407085945 0.007859068207 0.937088608871 0.349003114843 -0.003087210542 0.000677090629 0.000937379701  | 1.000000000000 5.413967292477 42.411246743926 -23.535006139913 0.007859068207 0.937088608871 0.349003114843 0.000000000000 . 191
1.951518337846 -23.017171973246 17.321217483319 -0.001909165431 0.004632474695 -0.009730635136 -0.815474314552 -0.128603053520 0.564325169499 0.578478259433 -0.213256144920 0.787327581136 0.019093079074 0.968495261361 0.248298979161 -0.003327813000 0.000878583179 0.001047444877  | 1.000000000000 1.951518337846 -23.017171973246 17.321217483319 0.019093079074 0.968495261361 0.248298979161 0.000000000000 . 93
-26.763448311352 50.678862444359 9.319369746535 -0.013519918302 -0.001493336156 0.003336365255 0.787000692317 0.241403088911 0.567762678376 0.210630204441 -0.970109360999 0.120510350918 0.579883460076 0.024746239416 -0.814323520700 0.006716482291 0.002767887339 0.002184434803  | 1.000000000000 -26.763448311352 50.678862444359 9.319369746535 0.579883460076 0.024746239416 -0.814323520700 0.000000000000 . 165
19.519939188011 -48.871957071009 -50.593569568085 -0.011636330375 0.009634485382 -0.007668737612 -0.279825066821 0.553785242074 0.784232004983 0.582725056570 0.747153144059 -0.319677474603 -0.762974075853 0.367537868776 -0.531776714977 -0.002365554333 -0.004978945027 -0.000016382483  | 1.000000000000 19.519939188011 -48.871957071009 -50.593569568085 -0.762974075853 0.367537868776 -0.531776714977 0.000000000000 . 193
55.645837327598 -59.298880798930 -56.248450397670 -0.005273567753 -0.014277644341 -0.010927180327 0.312958253529 -0.930897717810 0.188378795315 -0.922703579738 -0.250989579798 0.292612943615 -0.225111606733 -0.265393424578 -0.937491917141 -0.002025211044 -0.007364735925 0.001244109091  | 1.000000000000 55.645837327598 -59.298880798930 -56.248450397670 -0.225111606733 -0.265393424578 -0.937491917141 0.000000000000 . 194
-15.434248433996 6.669800794497 -41.997992081886 -0.005508406083 -0.005149062351 -0.014173968135 -0.924336817937 0.318743096903 -0.209771983789 0.294922521327 0.945607739230 0.137283319899 0.242120121882 0.065029544709 -0.968064566491 0.007794583314 -0.003361007991 0.000847868687  | 1.000000000000 -15.434248433996 6.669800794497 -41.997992081886 0.242120121882 0.065029544709 -0.968064566491 0.000000000000 . 141
-37.532288455674 54.804439445834 9.595695075333 0.006372354452 -0.001212677795 0.004206555655 0.941099099391 0.332547784685 0.061191960482 0.309715430649 -0.775161993232 -0.550636210458 -0.135679169898 0.537155336146 -0.832499434057 -0.005823033334 0.003756612224 0.001532305213  | 1.000000000000 -37.532288455674 54.804439445834 9.595695075333 -0.135679169898 0.537155336146 -0.832499434057 0.000000000000 . 169
-5.693197413738 -37.529916586584 -25.415748270640 0.008411103261 -0.011157710605 -0.005666558901 -0.109877157920 0.711700248100 -0.693836988796 -0.978783651705 -0.198937092325 -0.049057073413 -0.172943844418 0.673726049780 0.718459210064 -0.001752432201 -0.000986907607 -0.001285188494  | 1.000000000000 -5.693197413738 -37.529916586584 -25.415748270640 -0.172943844418 0.673726049780 0.718459210064 0.000000000000 . 78
-29.671649651019 -55.967419297137 9.932612764050 0.007687525355 0.000423486695 -0.003246739610 -0.001219764748 0.959417983374 -0.281985186405 -0.197246690027 -0.276676301916 -0.940501976197 -0.980353127933 0.054473453500 0.189579501573 0.000837755915 -0.003513936090 -0.001249614175  | 1.000000000000 -29.671649651019 -55.967419297137 9.932612764050 -0.980353127933 0.054473453500 0.189579501573 0.000000000000 . 114
-1.265188865592 32.050980523382 -12.464782385347 0.003911870633 0.006067685014 0.005168836891 0.610366091809 -0.105206217816 -0.785101831422 -0.791838603321 -0.107428737343 -0.601207695130 -0.021091710709 0.988630728900 -0.148877203136 -0.004446641017 0.000204677368 0.000257762594  | 1.000000000000 -1.265188865592 32.050980523382 -12.464782385347 -0.021091710709 0.988630728900 -0.148877203136 0.000000000000 . 144
-58.908711512443 -2.078262949794 19.641805526794 -0.000212861620 0.003538897848 0.002392960066 0.007744931607 0.995436287852 -0.095113683887 -0.091339838276 0.095423139277 0.991237337086 0.995789661514 0.001010603122 0.091662035233 -0.001222693421 0.003682504975 -0.001336313192  | 1.000000000000 -58.908711512443 -2.078262949794 19.641805526794 0.995789661514 0.001010603122 0.091662035233 0.000000000000 . 156
-18.081023904617 46.033627101750 -33.840657556195 0.000286102015 -0.001379884534 0.011074506104 -0.800049036054 0.004307561473 -0.599919148572 0.316483491675 0.852544858977 -0.415939253892 0.509666302012 -0.522636305996 -0.683440964713 0.003686213778 0.004758145376 -0.000361189167  | 1.000000000000 -18.081023904617 46.033627101750 -33.840657556195 0.509666302012 -0.522636305996 -0.683440964713 0.000000000000 . 109
41.200996575608 -56.967633142532 47.534799798935 0.001077307763 0.004083509293 -0.007927179774 0.958281835269 0.256406421046 -0.126299926524 0.115344673441 -0.751212105920 -0.649904591635 -0.261517744144 0.608223741041 -0.749448030441 -0.006151991049 0.002293554603 0.001717026627  | 1.000000000000 41.200996575608 -56.967633142532 47.534799798935 -0.261517744144 0.608223741041 -0.749448030441 0.000000000000 . 9
55.868811925874 33.497928367716 8.884485003261 0.011719137907 -0.008513899518 -0.000691023409 0.568513775485 0.387632827475 -0.725625852728 -0.210299353643 0.921204852183 0.327346608615 0.795340347864 -0.033502408541 0.605236581579 0.000153685092 0.002376356238 0.000107959079  | 1.000000000000 55.868811925874 33.497928367716 8.884485003261 0.795340347864 -0.033502408541 0.605236581579 0.000000000000 . 5
59.887950590818 24.746842167928 -0.782200364762 0.002832585736 -0.006825779736 -0.001018770180 0.627589940189 0.408496226782 -0.662768209616 0.354341573208 0.608138229326 0.710359024387 0.693233666572 -0.680660507696 0.236914239322 0.002419540638 0.002450500736 0.000012250200  | 1.000000000000 59.887950590818 24.746842167928 -0.782200364762 0.693233666572 -0.680660507696 0.236914239322 0.000000000000 . 99
31.477838963123 21.931193673646 -43.579742480791 -0.004712285890 0.002680684698 0.005531319831 -0.703241230746 0.611944738818 0.361905247285 0.655962108285 0.362188358071 0.662218472842 0.274163243112 0.703095462872 -0.656118347720 -0.005403623716 -0.003486588674 -0.002374757479  | 1.000000000000 31.477838963123 21.931193673646 -43.579742480791 0.274163243112 0.703095462872 -0.656118347720 0.000000000000 . 32
40.456256077697 -28.606141278905 -53.821092436643 0.004983000081 -0.008151753539 -0.002749581466 -0.977162527856 -0.007847912116 -0.212348309221 -0.128610021928 0.817340507101 0.561617269777 0.169153351765 0.576101471729 -0.799683836187 -0.003721520068 -0.006339751337 -0.002379222305  | 1.000000000000 40.456256077697 -28.606141278905 -53.821092436643 0.169153351765 0.576101471729 -0.799683836187 0.000000000000 . 121
55.731918068044 -54.166508598963 -38.175149284589 -0.000872661446 0.003147685728 -0.000088595129 0.139559177102 0.868535877384 -0.475571935446 0.904678621906 0.083428031594 0.417847286230 0.402591389814 -0.488554186597 -0.774102693192 0.004829662058 0.004125692285 -0.000040157679  | 1.000000000000 55.731918068044 -54.166508598963 -38.175149284589 0.402591389814 -0.488554186597 -0.774102693192 0.000000000000 . 176
-40.832098841890 16.875111399477 17.593737013623 0.007179896520 -0.003991457493 0.011992638965 -0.360995395582 0.917037107954 0.169485300257 -0.248522096521 -0.269768617305 0.930301919088 0.898843196508 0.293713867143 0.325289213376 -0.002835256159 0.001916566430 -0.002942784619  | 1.000000000000 -40.832098841890 16.875111399477 17.593737013623 0.898843196508 0.293713867143 0.325289213376 0.000000000000 . 20
-48.599940088261 -5.444812423475 16.556564271177 0.002527289305 0.003269494383 0.010133317751 0.651085840401 -0.364502715559 0.665751454207 0.413078188594 -0.565688768191 -0.713696453438 0.636752415415 0.739685059936 -0.217743825562 -0.002269153296 0.004121825759 0.001317160565  | 1.000000000000 -48.599940088261 -5.444812423475 16.556564271177 0.636752415415 0.739685059936 -0.217743825562 0.000000000000 . 46
60.151341770224 -6.395780151192 -48.768367777475 0.002125537413 0.003386131616 -0.002979702603 -0.474311265464 0.146308123442 -0.868114483503 -0.644787213741 -0.729123462876 0.229408859636 -0.599398258631 0.668560325549 0.440169079618 -0.002428839783 -0.001573980817 0.000720826950  | 1.000000000000 60.151341770224 -6.395780151192 -48.768367777475 -0.599398258631 0.668560325549 0.440169079618 0.000000000000 . 113
-11.505629059735 -16.934258577188 8.948249880726 -0.008031439731 0.002821286568 0.001081627180 -0.564747327679 -0.034059239991 -0.824560746125 0.601963166891 -0.700485298962 -0.383354524746 -0.564535917002 -0.712853641436 0.416099608634 0.002592997479 -0.001436815870 -0.000752869481  | 1.000000000000 -11.505629059735 -16.934258577188 8.948249880726 -0.564535917002 -0.712853641436 0.416099608634 0.000000000000 . 37
-53.022252170855 -33.212247105507 18.379602399056 0.004852190060 -0.001570830398 -0.006812941317 0.586933556125 -0.587343993689 -0.557257600910 0.715864660918 0.054946692922 0.696073737607 -0.378215266673 -0.807470057658 0.452708866759 0.002110394696 -0.001975395148 0.001456060362  | 1.000000000000 -53.022252170855 -33.212247105507 18.379602399056 -0.378215266673 -0.807470057658 0.452708866759 0.000000000000 . 84
-21.956123784932 26.357337571931 55.683640211059 -0.002205023523 -0.001242917303 0.002926276252 -0.861143876375 0.490735598074 0.132701910182 0.273617922212 0.667429595702 -0.692582823513 -0.428444228374 -0.560103836413 -0.709026963950 -0.000024097570 -0.006574821152 0.002160824575  | 1.000000000000 -21.956123784932 26.357337571931 55.683640211059 -0.428444228374 -0.560103836413 -0.709026963950 0.000000000000 . 19
-29.703716406182 -38.560358637826 58.888184150073 0.014538190593 -0.003101812567 -0.005024744060 -0.503697459262 0.703616749678 -0.501210872892 -0.863874647414 -0.412317041352 0.289335879155 -0.003076213348 0.578721113304 0.815519717682 -0.001589404336 0.000181781615 0.000596758621  | 1.000000000000 -29.703716406182 -38.560358637826 58.888184150073 -0.003076213348 0.578721113304 0.815519717682 0.000000000000 . 175
27.797243630451 -54.445435975839 -0.437159747949 -0.010362256004 0.014305392639 0.012199449126 -0.415686546123 0.508770667304 0.753894623580 0.621541803501 -0.446242108567 0.643858499240 0.663995844771 0.736220339731 -0.130725397279 -0.000679595344 0.004637035370 0.002620115846  | 1.000000000000 27.797243630451 -54.445435975839 -0.437159747949 0.663995844771 0.736220339731 -0.130725397279 0.000000000000 . 129
18.099730138378 57.310750442452 6.459148922105 -0.005973904588 0.008195882004 -0.002627407557 -0.718845369813 -0.064764059082 0.692146625326 0.569733438878 0.515615840330 0.639956337436 -0.398327933896 0.854368727103 -0.333749809327 -0.004138525007 -0.002724711748 -0.000509404649  | 1.000000000000 18.099730138378 57.310750442452 6.459148922105 -0.398327933896 0.854368727103 -0.333749809327 0.000000000000 . 164
59.710082285786 -33.208648421778 -18.136151579504 0.021148746796 -0.008699430226 -0.005434866894 -0.901078795404 0.386805525623 0.196057363598 0.242080184272 0.823772075525 -0.512637056764 -0.359797427529 -0.414464778881 -0.835921502422 -0.001940611065 -0.006963400197 0.001952322827  | 1.000000000000 59.710082285786 -33.208648421778 -18.136151579504 -0.359797427529 -0.414464778881 -0.835921502422 0.000000000000 . 85
-27.619314882202 1.721077834895 -33.880467073870 -0.005679818247 -0.003741899232 0.001889696447 -0.768686596054 -0.550936939532 -0.324945234932 -0.614009966650 0.777916997739 0.133554878171 0.179200105749 0.302181457551 -0.936255140873 0.008897933332 -0.000276455703 0.000780357032  | 1.000000000000 -27.619314882202 1.721077834895 -33.880467073870 0.179200105749 0.302181457551 -0.936255140873 0.000000000000 . 124
-46.544704921599 -62.006864789826 34.645672384040 0.004740284891 -0.003329383551 0.007196720443 -0.141790852105 -0.370116217389 -0.918100942100 -0.578461975559 -0.721654043298 0.380259364940 -0.803291414800 0.585003784105 -0.111774216573 -0.004426958248 -0.001283623980 0.002523185391  | 1.000000000000 -46.544704921599 -62.006864789826 34.645672384040 -0.803291414800 0.585003784105 -0.111774216573 0.000000000000 . 178
-25.178229738900 50.426976921089 -30.879427067617 -0.006814676124 -0.007803481903 0.008685503395 0.085819083601 -0.979995205496 -0.179567486186 -0.109109454300 0.169903929462 -0.979401746851 0.990318237675 0.103643870819 -0.092345742562 -0.000832765087 0.004224799548 -0.000354125854  | 1.000000000000 -25.178229738900 50.426976921089 -30.879427067617 0.990318237675 0.103643870819 -0.092345742562 0.000000000000 . 143
60.106927021366 33.552716672136 -57.757105228321 0.007881259063 -0.003972350822 -0.003943918408 -0.088680076473 -0.909406066533 0.406345235223 0.440519843703 0.330078941381 0.834859365259 -0.893352176547 0.253038531866 0.371339992528 -0.000581617964 -0.003026431053 -0.000391648895  | 1.000000000000 60.106927021366 33.552716672136 -57.757105228321 -0.893352176547 0.253038531866 0.371339992528 0.000000000000 . 108
24.187348929579 38.038097833373 -51.013685311382 0.000200608485 -0.004716607461 -0.007606469749 -0.682468029760 -0.413909708409 0.602425216637 -0.707302573147 0.581793876769 -0.401545707204 -0.184283635669 -0.700139013510 -0.689815122613 0.004206678057 0.005347828381 -0.002674520567  | 1.000000000000 24.187348929579 38.038097833373 -51.013685311382 -0.184283635669 -0.700139013510 -0.689815122613 0.000000000000 . 167
-22.964088303857 -38.303757402153 -49.271961791944 0.004377424214 0.008904866970 -0.009349384545 -0.466093288330 -0.877019751618 -0.116590745115 -0.882655127059 0.451910037542 0.129217818604 -0.060638051175 0.163136976927 -0.984738215725 -0.007314231807 0.002610079647 0.000438002873  | 1.000000000000 -22.964088303857 -38.303757402153 -49.271961791944 -0.060638051175 0.163136976927 -0.984738215725 0.000000000000 . 140
-53.326478494219 39.854567688962 -61.948053683271 -0.000577408652 0.009846327466 -0.004264774503 0.762621548324 -0.288607051310 -0.578890614854 -0.079572942484 -0.930005704701 0.358828003432 -0.641931866211 -0.227585937959 -0.732207702764 0.003385031840 -0.005214336777 -0.000569360247  | 1.000000000000 -53.326478494219 39.854567688962 -61.948053683271 -0.641931866211 -0.227585937959 -0.732207702764 0.000000000000 . 86
-6.911540433236 -47.495390075692 -62.636981712657 0.005159669166 0.003036639646 -0.008912034243 0.410306147449 -0.449444127263 -0.793504153634 0.826827943450 -0.183727317553 0.531601189535 -0.384713422297 -0.874210643526 0.296228515594 0.003114193981 -0.001055665088 -0.000391033989  | 1.000000000000 -6.911540433236 -47.495390075692 -62.636981712657 -0.384713422297 -0.874210643526 0.296228515594 0.000000000000 . 47
-60.004481727181 -1.391571736682 43.822273357730 0.012972203609 -0.005410182342 -0.010203354106 0.756598396288 0.560147801989 0.337332635037 -0.368110458585 -0.061496727908 0.927746108985 0.540419797023 -0.826106889200 0.159667938553 0.002222861712 0.002972740622 -0.001492889656  | 1.000000000000 -60.004481727181 -1.391571736682 43.822273357730 0.540419797023 -0.826106889200 0.159667938553 0.000000000000 . 110
-23.492494859398 3.971568599011 -6.714182334378 0.000207308770 0.000166198653 0.006686429854 0.012689265882 0.108971498619 0.993963880139 -0.836836040272 0.545247854677 -0.049093977964 -0.547306517624 -0.831161831089 0.098110072406 0.001891886835 -0.003453684069 0.002034758776  | 1.000000000000 -23.492494859398 3.971568599011 -6.714182334378 -0.547306517624 -0.831161831089 0.098110072406 0.000000000000 . 88
-33.935487982824 1.308270976662 0.486024412791 -0.006378048571 0.008870391552 0.003295362293 -0.617430768801 -0.783066695278 -0.074738186250 -0.714511002303 0.518550503981 0.469658814895 -0.329018651942 0.343383059523 -0.879678805648 -0.006747578964 -0.001702141348 0.000870144761  | 1.000000000000 -33.935487982824 1.308270976662 0.486024412791 -0.329018651942 0.343383059523 -0.879678805648 0.000000000000 . 87
11.006241055236 -1.139149928909 -49.396107642917 0.000704549738 -0.006231171700 0.000844727145 -0.061237023321 0.524527056343 -0.849188668165 -0.590413924207 0.666941722123 0.454532878232 0.804774145383 0.529207054428 0.268846551897 -0.003521487076 0.000915100370 -0.003213722112  | 1.000000000000 11.006241055236 -1.139149928909 -49.396107642917 0.804774145383 0.529207054428 0.268846551897 0.000000000000 . 30
12.723819149412 18.274061922875 17.369123932321 -0.000948543602 -0.001658530511 -0.004360214957 0.753188219398 0.632329131238 0.181293618059 0.454473762103 -0.699469461020 0.551539728996 0.475563986989 -0.333020033765 -0.814209157029 0.004507174059 0.004730301660 0.000313174798  | 1.000000000000 12.723819149412 18.274061922875 17.369123932321 0.475563986989 -0.333020033765 -0.814209157029 0.000000000000 . 190
17.315957478581 -42.335419305014 45.221378292565 -0.010303971033 0.008027019628 -0.002583799073 0.313539457033 0.366252315959 -0.876100593504 -0.216376539481 0.925908166047 0.309637305908 0.924594074200 0.092484101888 0.369557152349 -0.000223454300 0.003075578672 0.000123464972  | 1.000000000000 17.315957478581 -42.335419305014 45.221378292565 0.924594074200 0.092484101888 0.369557152349 0.000000000000 . 71
42.026837143509 46.659158398271 -44.669029415379 0.008053326052 -0.013970358838 -0.002798934297 -0.358258504947 0.865416441017 -0.350293059096 0.552216100405 0.498951309586 0.667910899084 0.752800253777 0.045847293051 -0.656650442498 0.006682914295 -0.006471768775 0.002857685759  | 1.000000000000 42.026837143509 46.659158398271 -44.669029415379 0.752800253777 0.045847293051 -0.656650442498 0.000000000000 . 172
-34.162772334107 -22.533709219402 22.635554467125 0.005067664260 0.008417929733 -0.010178583436 0.033841100649 -0.860781545946 0.507848314032 -0.522235594252 -0.448478776195 -0.725352859923 0.852129546491 -0.240669726930 -0.464707777572 0.000375437647 0.005323869848 -0.000656358113  | 1.000000000000 -34.162772334107 -22.533709219402 22.635554467125 0.852129546491 -0.240669726930 -0.464707777572 0.000000000000 . 159
-48.125656299380 -6.134498439757 -32.533714443669 0.011182913740 0.002880129074 -0.008875047948 0.143851671866 0.531644961442 -0.834661806647 -0.989599238526 0.077103818162 -0.121442778019 -0.000208828871 0.843450434939 0.537206962159 -0.002519711690 -0.000752927619 -0.001371089977  | 1.000000000000 -48.125656299380 -6.134498439757 -32.533714443669 -0.000208828871 0.843450434939 0.537206962159 0.000000000000 . 10
54.774289306832 36.772975303705 47.404288847492 0.003806963681 0.002770751713 0.004987830761 -0.646792345677 0.698288225056 0.306680968306 0.683138350272 0.351658273720 0.640045664708 0.339089451267 0.623482167565 -0.704477345816 -0.006049598122 0.001060553425 -0.000815568844  | 1.000000000000 54.774289306832 36.772975303705 47.404288847492 0.339089451267 0.623482167565 -0.704477345816 0.000000000000 . 68
3.730470933385 -50.282840469985 -39.368443031402 -0.001820512713 0.011802833968 -0.003897494786 0.279534160907 -0.893018990995 0.352672276496 0.556556705698 -0.148599353126 -0.817412298410 0.782371578106 0.424776781349 0.455477112266 -0.001575159769 0.002366489414 -0.000417118356  | 1.000000000000 3.730470933385 -50.282840469985 -39.368443031402 0.782371578106 0.424776781349 0.455477112266 0.000000000000 . 79
-0.787871719360 50.094097311736 7.970234324407 0.000322361346 -0.006192357779 0.006853068984 -0.464453381719 -0.156590640697 -0.871643520859 0.014561761793 -0.985460647350 0.169278668527 -0.885477843485 0.065929384731 0.459980765821 0.000309325622 -0.002823864507 -0.000851963484  | 1.000000000000 -0.787871719360 50.094097311736 7.970234324407 -0.885477843485 0.065929384731 0.459980765821 0.000000000000 . 90
-4.155644886240 4.017284089472 -26.844514979274 0.001777786790 0.000123668773 -0.007399531981 0.347312170315 -0.935969969972 0.057744884299 0.907479456939 0.319943973773 -0.272244171435 0.236337241215 0.146956010281 0.960493955971 -0.000201075665 0.000711084182 0.001442220569  | 1.000000000000 -4.155644886240 4.017284089472 -26.844514979274 0.236337241215 0.146956010281 0.960493955971 0.000000000000 . 44
20.091298921606 32.102518666050 -33.355640092659 -0.004837402105 -0.004257031114 -0.004017310075 0.312625054924 0.920510608169 0.234362529603 0.937855906484 -0.259997981466 -0.229842007272 -0.150638221269 0.291652652794 -0.944588194088 0.008407193452 0.003160913615 -0.000177186743  | 1.000000000000 20.091298921606 32.102518666050 -33.355640092659 -0.150638221269 0.291652652794 -0.944588194088 0.000000000000 . 69
56.031311038836 26.038945612772 -14.936504792079 0.005074685096 -0.005152424551 0.005368910886 0.081123347677 0.995928139607 -0.039321027452 0.128537274099 0.028667908092 0.991290230060 0.988381086236 -0.085470999665 -0.125688251588 -0.001141949773 0.004308616714 -0.001329802859  | 1.000000000000 56.031311038836 26.038945612772 -14.936504792079 0.988381086236 -0.085470999665 -0.125688251588 0.000000000000 . 35
-56.299240588158 -59.735790638752 0.487525422659 -0.004055055603 -0.000705551670 -0.008902624198 0.443527447086 0.134673681635 -0.886084873562 -0.878848891593 0.259279204965 -0.400498339095 0.175806795734 0.956366714889 0.233355259692 -0.001893226658 0.003374493085 0.003775426516  | 1.000000000000 -56.299240588158 -59.735790638752 0.487525422659 0.175806795734 0.956366714889 0.233355259692 0.000000000000 . 57
-24.149553205976 -37.262921995493 -23.496684404047 -0.005509221360 0.007604770091 -0.002261921909 -0.756089684569 0.437870093873 0.486413578942 0.653598451409 0.466887961367 0.595671634247 0.033726150151 0.768300339985 -0.639200386713 -0.005777872875 -0.001132221665 -0.000649555454  | 1.000000000000 -24.149553205976 -37.262921995493 -23.496684404047 0.033726150151 0.768300339985 -0.639200386713 0.000000000000 . 120
-16.205416026569 55.972889682814 -40.218643046599 -0.000648489392 0.000599606209 -0.010124348221 -0.617034525551 0.430885232725 -0.658487897002 0.596787647837 0.801650552307 -0.034653937372 0.512945316449 -0.414360118986 -0.751793052726 -0.000673690958 0.006555389660 -0.001747842883  | 1.000000000000 -16.205416026569 55.972889682814 -40.218643046599 0.512945316449 -0.414360118986 -0.751793052726 0.000000000000 . 21
45.818866945455 44.355696347854 5.173059312311 -0.010756522585 0.007878856802 -0.004370503104 -0.423161826352 0.644564784680 -0.636765503987 -0.296503070544 -0.762606491336 -0.574906312828 -0.856165870539 -0.054475478169 0.513821393484 0.001757416486 -0.002211581049 -0.002847025972  | 1.000000000000 45.818866945455 44.355696347854 5.173059312311 -0.856165870539 -0.054475478169 0.513821393484 0.000000000000 . 94
-22.898918813235 -4.966297904474 42.166784109833 -0.001910799781 -0.003707926418 0.001228666844 0.882550213229 0.469563160026 0.024810479173 0.356494384698 -0.633764152523 -0.686479972509 -0.306621712879 0.614697842622 -0.726725317756 0.008829880455 0.004861838722 0.000162810898  | 1.000000000000 -22.898918813235 -4.966297904474 42.166784109833 -0.306621712879 0.614697842622 -0.726725317756 0.000000000000 . 171
-49.867826995363 3.509648901609 31.377240796398 0.003558005135 0.000176728905 -0.011789670723 0.930715686221 -0.274614047143 -0.241568699409 0.343190514571 0.884070573483 0.317237279982 0.126445965262 -0.378161798987 0.917063286614 0.001080219867 -0.000010765696 0.001695999311  | 1.000000000000 -49.867826995363 3.509648901609 31.377240796398 0.126445965262 -0.378161798987 0.917063286614 0.000000000000 . 28
50.065690689423 32.423885908525 38.986210827223 -0.005470479923 -0.003712643826 0.006643201952 0.990865809655 0.093249034913 0.097414397011 -0.053262374444 0.934273075529 -0.352557711320 -0.123887314628 0.344148859987 0.930705912436 -0.000760871619 -0.000629943350 -0.001768288541  | 1.000000000000 50.065690689423 32.423885908525 38.986210827223 -0.123887314628 0.344148859987 0.930705912436 0.000000000000 . 76
-40.504813277632 -22.300049893672 24.426301097560 0.007622758548 0.005613592601 0.005021479598 0.286539203053 0.951280325249 0.113846510305 0.630691221341 -0.097840774902 -0.769841390216 -0.721196137287 0.292391733059 -0.627999367835 -0.006844160012 0.002106835064 0.003410322052  | 1.000000000000 -40.504813277632 -22.300049893672 24.426301097560 -0.721196137287 0.292391733059 -0.627999367835 0.000000000000 . 100
-28.076339319963 -37.650636442331 -60.478149184414 0.000118238395 -0.006907471626 0.000642943816 -0.969482748718 -0.231601925417 0.080397438275 0.229618859380 -0.972713529576 -0.033220005973 0.085897493299 -0.013745454629 0.996209156313 0.000076600638 0.000213216791 0.000962593462  | 1.000000000000 -28.076339319963 -37.650636442331 -60.478149184414 0.085897493299 -0.013745454629 0.996209156313 0.000000000000 . 7
-59.668673513240 -17.417295576868 37.296168724082 0.000520131731 0.007666748408 0.005891761346 -0.199775303619 0.973437042705 0.111848790581 0.917348474736 0.225924892107 -0.327764731211 -0.344327756597 0.037125018747 -0.938115200292 -0.007931111355 0.000308400119 0.001414957500  | 1.000000000000 -59.668673513240 -17.417295576868 37.296168724082 -0.344327756597 0.037125018747 -0.938115200292 0.000000000000 . 123
-56.383672973663 -25.793788669447 -61.104933164956 -0.002148784741 -0.009979610615 0.001931851293 0.890489364986 -0.449101849939 0.073049430031 -0.418315475893 -0.871225715814 -0.256861664582 0.178999590711 0.198174873495 -0.963683488517 -0.001454682967 -0.008313864624 -0.000971636692  | 1.000000000000 -56.383672973663 -25.793788669447 -61.104933164956 0.178999590711 0.198174873495 -0.963683488517 0.000000000000 . 155
-2.627732819319 51.045574565052 -37.543024811092 -0.005080152717 0.001444444874 0.003592123421 0.484728369127 0.808795062003 0.332999933700 0.807547270068 -0.267571878865 -0.525616491604 -0.336014604995 0.523694412153 -0.782839924831 -0.001794718094 -0.006415131824 -0.001546138491  | 1.000000000000 -2.627732819319 51.045574565052 -37.543024811092 -0.336014604995 0.523694412153 -0.782839924831 0.000000000000 . 51
-16.362623152778 -27.255720989128 -25.410455439698 -0.001090103867 -0.001773295530 0.004000586784 -0.440044765351 -0.647007632559 -0.622689110148 0.757630801224 0.104729952883 -0.644226051945 0.482033373869 -0.755256751297 0.444107043512 0.002779148899 0.000845691066 0.001260905699  | 1.000000000000 -16.362623152778 -27.255720989128 -25.410455439698 0.482033373869 -0.755256751297 0.444107043512 0.000000000000 . 38
-17.111081143354 -51.737670956369 52.220864631836 -0.002257789306 -0.012416182574 0.002973822384 0.249680599744 -0.945654164133 0.208321386248 0.730005161358 0.325168051395 0.601130770084 -0.636201275149 0.001984995983 0.771520574768 0.000120926072 -0.001780657123 -0.000352188911  | 1.000000000000 -17.111081143354 -51.737670956369 52.220864631836 -0.636201275149 0.001984995983 0.771520574768 0.000000000000 . 160
-44.965792974137 1.588146206666 -27.123377423014 0.001473176284 0.009537572648 -0.000710310931 -0.641424668812 -0.700553049493 0.312729626172 -0.368986210864 -0.075682666260 -0.926348374112 0.672624390304 -0.709575618855 -0.209949686101 0.002665033770 0.003789235809 -0.000740677598  | 1.000000000000 -44.965792974137 1.588146206666 -27.123377423014 0.672624390304 -0.709575618855 -0.209949686101 0.000000000000 . 50
-45.797953192159 -2.071413975019 53.444672752914 -0.004634914066 -0.010451617414 -0.002771420987 -0.736656937687 0.245389052730 -0.630175189101 0.111355224065 0.963139131068 0.244873494440 0.667035658891 0.110214459152 -0.736828475808 0.008010290327 -0.000714592017 0.003031036148  | 1.000000000000 -45.797953192159 -2.071413975019 53.444672752914 0.667035658891 0.110214459152 -0.736828475808 0.000000000000 . 136
57.145060304076 49.052729364569 58.661801384876 -0.014253961575 -0.002608856782 -0.003044275118 0.035302082239 0.861278479455 -0.506905458460 -0.932711936631 0.210544847038 0.292778603474 0.358890242632 0.462461077512 0.810757390056 0.011164633132 -0.009309584740 -0.001577041372  | 1.000000000000 57.145060304076 49.052729364569 58.661801384876 0.358890242632 0.462461077512 0.810757390056 0.000000000000 . 158
56.290000134534 36.190970961323 33.475652998179 0.006738109347 0.003154041704 -0.003892823249 0.611974044635 0.703445989291 -0.361457478611 -0.297247103661 0.628104546370 0.719116706936 0.732892848961 -0.332638571094 0.593480962594 0.001087552450 0.002161545219 0.000191986335  | 1.000000000000 56.290000134534 36.190970961323 33.475652998179 0.732892848961 -0.332638571094 0.593480962594 0.000000000000 . 81
58.616747618143 -12.317687276542 -44.436077734157 0.003184883365 0.000642517274 -0.001508817521 0.846886748944 -0.298213784365 -0.440285558788 -0.275172347587 -0.954244645488 0.117035617147 -0.455041771254 0.022038497504 -0.890197332641 -0.006616820906 0.005669806575 0.001659024549  | 1.000000000000 58.616747618143 -12.317687276542 -44.436077734157 -0.455041771254 0.022038497504 -0.890197332641 0.000000000000 . 80
36.758902577599 29.503266691803 61.723429932238 0.003379504447 -0.002085331890 -0.006682721602 0.413843775220 -0.639027292290 -0.648365212994 0.889230004757 0.131246479425 0.438228662092 -0.194944423753 -0.757904005364 0.622557780692 0.002010872055 -0.001229510157 0.001430264888  | 1.000000000000 36.758902577599 29.503266691803 61.723429932238 -0.194944423753 -0.757904005364 0.622557780692 0.000000000000 . 65
59.286849456149 5.811830660303 -32.739689521241 -0.000620547646 -0.005592358474 -0.016136560647 -0.887928319283 0.404197471678 0.219562528008 -0.459947637103 -0.774365177660 -0.434518978585 -0.005609896532 -0.486808972304 0.873490442732 0.001302687566 -0.000211879690 0.000757547387  | 1.000000000000 59.286849456149 5.811830660303 -32.739689521241 -0.005609896532 -0.486808972304 0.873490442732 0.000000000000 . 146
-13.536203779589 24.568576414094 4.389154120080 0.006945159951 -0.011450772300 0.004837325440 0.865537852404 0.500624958192 0.014794502065 0.432866326399 -0.732877138724 -0.524897935799 -0.251934454822 0.460723073842 -0.851036591283 -0.006496182507 0.002809025875 0.001583326295  | 1.000000000000 -13.536203779589 24.568576414094 4.389154120080 -0.251934454822 0.460723073842 -0.851036591283 0.000000000000 . 127
34.286770976008 -32.233476297562 34.388364144608 -0.000374018599 0.011656141436 -0.003535451468 0.716901944467 0.631153464202 0.296136635095 -0.689188663466 0.577474021572 0.437655961412 0.105216862570 -0.517850421488 0.848976061379 0.001422913897 0.000223137964 0.000226205512  | 1.000000000000 34.286770976008 -32.233476297562 34.388364144608 0.105216862570 -0.517850421488 0.848976061379 0.000000000000 . 34
0.999999997283 -0.651155953551
0.999999997314 2.468059392450
