11.890473679304 9.299897510015 0.847390306263 1.019351791683 0.734721588997 -0.147092734821 | 0.424378310280 0.165918878705 0.890153905487 -1.356707363616 5.617227448650 2.098286521099
-3.474335638854 0.596217114400 -10.749413105763 0.576913635290 -0.590086631149 -0.516210075135 | -0.002425665361 0.071185479467 0.997460146402 -0.872585886723 0.042050762389 1.498230887948
9.013535842028 11.065127197363 -2.017608694687 -1.806438324087 -1.037088548963 -1.467101750489 | 0.064440571536 0.237515504328 0.969243931084 -2.935555094572 0.766677480548 -0.456811035809
5.120185163584 -10.450529428568 -1.788371101335 -0.313159778924 -0.177300755930 -0.721338484128 | 0.139333893942 0.062232064178 0.988288033008 -0.416181893298 1.663870794045 2.317992762310
-12.827748997601 9.679968053629 0.332283353210 -0.285763021458 -0.521944674748 0.870076729199 | 0.022086240229 0.493844535392 0.869269677865 -6.273751223910 1.036439815549 1.747169528581
13.520668405173 -6.219179881700 -2.346316084806 -0.069801550325 -0.012396730656 1.655345048224 | 0.018063014019 -0.131924573458 0.991095169216 1.592648570458 0.242251223618 0.115669132990
7.341814877402 -6.387437000883 -1.273811163123 1.580335041154 0.667885289410 -0.212417749358 | 0.141088140093 -0.152078057369 0.978246595288 1.361081031073 2.228416396881 -4.664942206644
-2.734584863371 6.536128516764 3.615800378076 -0.153432978435 -1.950410778495 -0.701067592736 | 0.065815334568 -0.025991476581 0.997493250544 0.247664462466 0.837273283132 -0.946107738954
13.189232395537 -10.580736143532 7.341743612706 0.291479977682 1.060262206397 -1.275446933837 | 0.170551937958 -0.101961522427 0.980059122912 1.069578948133 2.258178447004 -1.070179456257
1.597394621984 -3.639632124668 -8.876461188287 1.205672474135 0.512732354231 0.701181332741 | 0.117336996513 -0.208307065263 0.970999585896 2.441799023052 1.719697288153 -1.635974977907
-3.926800471141 4.477059016543 4.025870402083 0.418115730536 -0.621830760986 1.261791677405 | 0.066771496677 -0.181759160622 0.981073480816 2.437040432697 0.272310045669 3.980752843129
-8.026341803496 7.562384456638 -3.088045763288 1.775065438074 -0.524501131081 1.121917004239 | 0.054504416426 0.237112997510 0.969951903448 -3.016113441644 0.513963936176 -0.999699431836
3.074466010942 -1.688561158557 -9.309771662272 -0.038718149909 1.368712162363 1.774430080661 | 0.183721867851 -0.026288089646 0.982626689855 -0.283441000442 2.357993085185 -4.311716765644
13.039491234996 3.874017279842 -7.766641476962 0.545623826338 -0.376655261241 1.145813179309 | 0.188941180922 -0.110997714204 0.975695002341 1.823938725785 2.040973328354 3.270407919640
-1.167833967727 8.602450393213 7.314962670488 0.337262113666 1.505252892721 -0.966275232875 | 0.036610247818 -0.132430634853 0.990515934605 1.472932046223 0.317282859678 -4.572897052550
-8.321068110828 6.888290631360 3.523964367064 -0.157214493305 -0.141068839366 -0.090091509324 | 0.282344153527 -0.174924979861 0.943230104688 2.457229074559 3.297296352764 1.266683211760
3.477719335927 -10.184019470423 -3.947705505713 1.324986822448 -0.694187520395 -1.128445818850 | 0.159929643929 0.186755722547 0.969301196269 -1.997450807889 2.213147143088 2.109935693558
0.912672184203 9.565266625233 -8.548444937662 0.222598103422 -1.383020851676 0.038623514441 | 0.022521282029 -0.027539720480 0.999366977467 0.374650947165 0.173587126608 4.352184031713
2.316250116470 -10.739609908727 -0.913296662926 -0.450673735052 1.129836604958 0.829125092273 | 0.090685313258 -0.045268976721 0.994850186564 0.211847073076 1.365831633033 -4.723828453641
10.896810601148 0.713087211179 -1.557673116346 1.101391066862 0.874248967211 1.377499942469 | -0.109155296011 0.188669434532 0.975955411802 -2.473770209188 -1.064693570476 1.935417879777
-4.491007396564 -12.234700283549 -12.342458933469 -1.531572860729 -1.127544562951 0.073520742717 | -0.248677690590 -0.015877477164 0.968456148683 0.528564905901 -3.031474003301 -1.864325596574
12.843242239948 -10.813485412098 2.177085341541 0.434574817127 -1.399697622275 0.670892648683 | -0.183767532464 -0.182406292741 0.965897219367 1.988068786326 -2.341543341467 1.306260412676
7.413983565036 -5.632074114230 3.700583058352 0.525547074019 0.163274545196 -0.978154201492 | 0.039518730312 -0.023117331019 0.998951379678 0.411673922177 0.367972166911 3.129240089503
-1.259800680620 11.772721113125 -2.949674077795 -0.355346468666 1.473861937613 -0.706322965338 | 0.010997336734 0.007538577074 0.999911110270 -0.088246479726 0.190010799583 0.708098872252
11.131484432672 -2.333959271639 -8.728152426360 0.484373442582 2.159493966978 -1.503417347777 | 0.095634192508 0.107512403272 0.989593443979 -1.444738620104 1.015242595944 -1.758478087926
-0.056872964328 -1.751259885263 8.803686148377 -0.020487700551 -0.062383616689 0.087335068922 | -0.023355485960 -0.005374713361 0.999712775617 0.141195364251 -0.544757836362 -0.768771193220
-1.707139540376 -10.848408073454 6.230633663107 0.021429174185 0.014524733907 0.002820094042 | -0.000606541529 0.000813342307 0.999999485291 -0.019468116446 -0.014258490460 -0.231723181146
-12.134474003460 -0.996220883625 3.921537173367 -2.065441357079 -2.054997330549 0.021932449066 | -0.082667901330 0.074829925404 0.993763805114 -0.889704705121 -0.947674504037 -0.088935903227
-0.856769449937 7.303116021964 8.064543153440 1.632341509681 -0.117734244485 0.163628568342 | 0.180762262614 -0.351486046723 0.918576378628 4.164547615765 2.491780858583 -2.018417408692
-10.369976537989 8.203772964776 -2.965459714717 -0.528518468159 -1.022561437476 -0.033577433161 | -0.029389377085 -0.205511765628 0.978213258295 2.565179409265 -0.289809504713 0.618740528790
4.237673040692 9.581067459521 4.745329198088 -1.354854993462 1.135831634876 -0.086676964735 | -0.058447102957 0.218703640060 0.974039349298 -2.563706416598 -0.755178258860 -2.343209954538
-10.954776276562 -1.183213297352 0.247777206453 -0.905273397906 -1.194181244001 -0.005321569040 | 0.035987660577 0.091110649006 0.995190302366 -1.102246747898 0.472142576245 0.011409126715
6.025252936019 -3.579248200708 9.819869378339 0.176921733116 -1.459837757159 0.003557710516 | 0.126171090584 0.081489183492 0.988655839448 -0.998927288460 1.548228220482 -0.031188496353
-3.207400177986 0.177192169978 0.969444148936 0.036760559308 -0.652050410990 -0.001811291851 | 0.148848161261 0.189959826747 0.970442934495 -2.332958878546 1.816017587636 0.026199442970
10.073390536865 0.360915455399 5.734878938915 0.236649026437 0.494000779426 0.079145615083 | -0.076674850955 0.094135359409 0.992602388341 -1.078565035105 -1.053856472457 -0.437782679457
-12.311385055342 -4.914989576962 5.787775026427 -0.180539256688 -0.571423006980 0.003539677050 | -0.133118225821 0.115258170564 0.984375483275 -1.407392814585 -1.639120215428 -0.013129520305
-1.163967669839 5.465785301454 -0.524998041918 0.359079791865 -1.133268515170 -0.038437360813 | -0.166211549732 -0.217626129135 0.961775747591 2.812335268669 -1.927023618825 -0.732733099868
-12.354993323814 -11.865857649766 -11.755396865074 -1.004934848423 -1.320317922788 -0.028502175961 | -0.067991213845 -0.242180421788 0.967845978523 3.006564378327 -0.781263221275 0.064637718275
-3.992708651438 -11.357910298812 -5.811923477380 0.168369804224 -1.370074075625 0.007993590649 | -0.153752509904 -0.074422278070 0.985302740393 0.910925380117 -1.866680962114 0.004307832471
0.528895000175 4.891226805235 -0.574199152457 -0.465126496224 -1.039989491791 0.007200138006 | -0.178707993666 0.136029588519 0.974453387314 -1.653666642050 -2.257301396134 -0.358584154947
6.738345337082 4.545876723188 -3.038742803574 0.929722970268 -1.723371801805 0.002224309750 | 0.114666984819 -0.003334231924 0.993398392132 0.042306011110 1.375152267434 0.098824147248
11.805453558067 1.165472492225 -12.586594226716 -0.284479723375 -0.148310778265 -0.003855715726 | 0.059921828205 -0.217271207269 0.974270289497 2.668883837006 0.781626966978 -0.103891636176
-7.659060817812 -6.551316976947 -5.092448685968 1.464424844752 0.929699517769 0.007723307931 | 0.018262185947 0.151618891733 0.988270309295 -1.840080131420 0.280649266807 0.121174015236
-5.518375123220 -10.218930252640 -11.977179703244 -0.454966188167 -0.469563427037 0.011081034170 | -0.076731800705 0.044004190564 0.996080248762 -0.534397505464 -0.957167651444 -0.606456157730
12.323486819403 -12.818312893288 -7.140581346120 -0.289156743023 -1.294382509367 0.003493988569 | -0.043704679716 -0.196312898666 0.979566815888 2.410191595509 -0.522698759886 0.010464668643
4.035511344420 5.433429063766 -11.096283073546 -0.039778843084 0.507545633097 0.003884888056 | -0.044963203526 0.335007899640 0.941141868959 -4.143887508548 -0.506093627992 0.056714755782
-2.196412785822 -4.045935260959 -4.607378971641 -0.018110272125 0.320142110685 0.005138682130 | -0.177553788859 -0.205300979972 0.962458393742 2.614168577375 -2.131459474432 -0.427346562798
-3.582999419989 -1.800849131343 -5.021958754428 0.293173557636 0.086494168723 0.003478179056 | -0.155163100657 -0.069110699731 0.985468479139 0.905756483348 -1.871082702287 -0.522925082294
6.626954181589 8.841286460730 2.255189777388 -1.626689813888 -0.429401228527 0.066554026047 | 0.103929844159 -0.073194292036 0.991887686740 0.988005773007 1.432726290614 0.364284421599
-3.921312058114 11.037496882084 7.727435858324 0.283223585827 -0.661589384634 -0.000480753449 | -0.068515935675 -0.284802684750 0.956134403375 3.520005711188 -0.809106528534 -0.226909293376
0.001000000000
