11.829109441415 9.253786518116 0.856476781209 0.906931660084 0.710375626670 -0.134756972922 | 0.108727807461 0.038112754279 0.993340667569 -1.633235837236 5.244580248277 2.215489617945
-3.510835805617 0.633321297449 -10.717010416936 0.568376874680 -0.574049506110 -0.500366313214 | -0.000084899552 0.017285983466 0.999850582621 -0.823420043830 0.013679754617 1.444841472444
9.124285849151 11.128971600153 -1.926072216176 -1.669075771592 -0.971889245510 -1.404941506106 | 0.014927829245 0.058625358224 0.998168436331 -2.781990098596 0.732397069757 0.238695198545
5.138908019728 -10.438662356691 -1.742986138262 -0.270476291970 -0.195341430909 -0.698223539925 | 0.036772347498 0.015310568777 0.999206375552 -0.642099015219 1.745851037350 2.386806899169
-12.812250333416 9.712416124795 0.277685386108 -0.201949689357 -0.495035006331 0.840944362290 | 0.008674016530 0.124788836497 0.992145406542 -5.944059801279 0.621813961384 2.015754833483
13.528420293382 -6.217868502617 -2.451131982216 -0.175110198622 -0.027305934491 1.631555936491 | 0.003794546594 -0.032433448816 0.999466694200 1.541095208523 0.183698476717 0.217479973897
7.244369235892 -6.428817139075 -1.259476728915 1.475736180734 0.631891071944 -0.234380960386 | 0.037864141134 -0.034515629597 0.998686626590 1.512104720083 1.913568248796 -4.646586101819
-2.725031848375 6.656776254080 3.659909908401 -0.146231663997 -1.837188603537 -0.682585999989 | 0.016055829105 -0.006425026526 0.999850453511 0.282239731134 0.769349353754 -1.384246108627
13.166107070071 -10.647660604871 7.430631423728 0.453125550832 1.020399937715 -1.529787994386 | 0.040755046413 -0.025657331426 0.998839690609 1.149128439249 1.986033658012 -1.083948366561
1.520936427726 -3.670700145495 -8.920301534295 1.191148129678 0.458279565630 0.675861439722 | 0.029979684237 -0.049930379267 0.998302647377 2.337210317827 1.504546623782 -1.936891984832
-3.954119866902 4.517526059439 3.946660593817 0.439508880320 -0.645677053963 1.222773556479 | 0.013590446723 -0.045174047925 0.998886682838 2.189576941926 0.528533884405 3.497524399484
-8.138421652495 7.594371688036 -3.157700103097 1.739262146110 -0.479445659070 1.063403892780 | 0.012353723157 0.057260747360 0.998282821818 -2.750408829943 0.573810986819 -0.438070644530
3.077865186811 -1.775681852701 -9.420808133055 -0.064641300684 1.367554985095 1.707314497642 | 0.044811937293 -0.003223688802 0.998990239245 -0.000435938374 2.152732560862 -4.592289777037
13.005581607755 3.897814144564 -7.838462886379 0.519151731304 -0.370340272598 1.107763559563 | 0.044911185271 -0.029682778889 0.998549907654 1.515967554926 2.066573342020 3.113234151562
-1.202891188395 8.513104747769 7.372716184009 0.740930114904 1.271927997687 -0.826578478960 | 0.018385983229 -0.032002479229 0.999318666364 1.476975688153 0.833435148977 -2.499912179565
-8.310961031251 6.896905910066 3.529716798883 -0.160372457463 -0.129298928312 -0.090341728777 | 0.069426683464 -0.044735979562 0.996583477565 2.202901859500 3.254946187308 1.363840666159
3.394009363441 -10.141029868467 -3.876318834305 1.296387388822 -0.655096630011 -1.114658272980 | 0.041534844874 0.045116632562 0.998117901917 -2.073918496688 2.039691541524 2.084472703833
0.897113606532 9.652769584421 -8.550599303249 0.267985176076 -1.360506276596 0.028289951015 | 0.005121184196 -0.007508482530 0.999958697228 0.369435898440 0.216318585460 4.508138665944
2.345471794300 -10.810335325191 -0.966074245434 -0.465182297663 1.089945294255 0.825884047830 | 0.021217659371 -0.009885846612 0.999726002947 0.387345920492 1.070187711988 -4.563822108270
10.827986728289 0.658138746139 -1.643618968799 1.058196615386 0.849167001544 1.319153579070 | -0.025219260423 0.047070966872 0.998573138524 -2.276490958780 -1.134564150111 1.909517889285
-4.393404936531 -12.164246145367 -12.347063665271 -1.530059897265 -1.083947187480 0.073080941882 | -0.060972599730 -0.005830669420 0.998122410016 0.320154559791 -2.898804518863 -1.125815065505
12.817204984355 -10.726638668830 2.133068879690 0.378824108755 -1.328039754733 0.706724935983 | -0.047700122942 -0.044657832033 0.997862904566 2.057185780512 -2.304639066527 1.613310314827
7.380073878994 -5.642323593432 3.761456406977 0.537888757612 0.159114029356 -0.931659445910 | 0.010310257829 -0.005576753667 0.999931296841 0.296670771151 0.461757457332 3.062234862556
-1.236680851214 11.680428874953 -2.905432023274 -0.370733210644 1.422247100825 -0.681940896729 | 0.001766379660 0.001782912280 0.999996850558 -0.084500430386 0.100960563274 0.473211677994
11.101160295905 -2.468872827221 -8.634037799414 0.466024702083 2.073496142829 -1.449639471072 | 0.022707375110 0.026807939509 0.999382664196 -1.308762960133 1.041885150054 -1.838954940139
-0.055950490601 -1.748774325913 8.800325962656 -0.006449827667 -0.015363641335 0.020020923584 | -0.001441107507 -0.000335154279 0.999998905440 0.032081545146 -0.136382829506 -0.191823081599
-1.707989953062 -10.848967503907 6.230531004733 0.005252979910 0.003306492425 0.000556384936 | -0.000038415661 0.000048648885 0.999999998079 -0.004621975616 -0.003621218745 -0.053569480349
-12.005450202202 -0.867263259998 3.920706229376 -1.982755237368 -1.991139363216 0.004752919789 | -0.021093613918 0.018472682055 0.999606832444 -0.874921282984 -0.990899715159 -0.023462885318
-0.944619948990 7.306424936629 8.056967671203 1.144600616692 0.041181139736 0.055510418702 | 0.050731778636 -0.085840536102 0.995016426497 4.092070435922 2.394378081378 -0.402133861609
-10.336146831548 8.267382678903 -2.964010081940 -0.528899542934 -0.971430766997 -0.010222182747 | -0.010200566559 -0.049320575463 0.998730909343 2.361644397399 -0.447309601682 0.159445042298
4.316921867016 9.506317327067 4.748260880212 -1.106081090874 1.196629440185 -0.012695982679 | -0.021183143006 0.052645348510 0.998388572517 -2.519344652000 -0.946296305348 -0.637528056102
-10.897463419944 -1.108381490788 0.247985468414 -0.892650653833 -1.154265540413 -0.001248371699 | 0.008227514596 0.022327859989 0.999716847248 -1.060185791425 0.400440706458 -0.001314971685
6.014031417190 -3.487672144806 9.819723963921 0.175092298016 -1.413309792383 0.000943501075 | 0.030646397523 0.019901393707 0.999332143407 -0.947040835726 1.460772636388 -0.005866024280
-3.209706742995 0.217795170230 0.969507043651 0.035402718247 -0.621944270921 -0.000300809136 | 0.036821840104 0.046631667604 0.998233259147 -2.219375645926 1.749098396220 0.007444321581
10.058674253981 0.327784706586 5.731877059360 0.228375933382 0.544389945578 0.017269907189 | -0.017301282870 0.023545294455 0.999573051217 -1.108817043297 -0.850310730889 -0.105232243198
-12.299793623062 -4.879301323278 5.787643127086 -0.182562238138 -0.548145824797 0.000750726173 | -0.032386298340 0.028190261076 0.999077793197 -1.341173325554 -1.543960583128 -0.003363562718
-1.177961860399 5.534387478028 -0.523459479166 0.084347531675 -1.019848680425 -0.009734387714 | -0.040079726006 -0.053354671750 0.997770962980 2.553919455765 -1.914169899554 -0.189439791060
-12.292407332772 -11.783077665772 -11.754276319918 -0.958593148130 -1.276728858709 -0.006832567580 | -0.017775439616 -0.059012828842 0.998098952899 2.817034427133 -0.830647617172 0.015509537182
-4.003437719966 -11.272097362641 -5.812225391491 0.168484442437 -1.322160710951 0.001718580928 | -0.037801121983 -0.018163319879 0.999120197468 0.864834457363 -1.795214063765 -0.000734769678
0.551592302997 4.959788798608 -0.574351231543 -0.252879838416 -1.109901305405 -0.000332488807 | -0.043509865881 0.032589314458 0.998521320831 -1.559560467432 -2.080257964654 -0.083251649149
6.680026734309 4.653683755612 -3.038828405542 0.900105415238 -1.659021658758 0.000501916631 | 0.028308884631 -0.000953290679 0.999598768651 0.044180601534 1.341419587494 0.028918868162
11.822938014762 1.174783349809 -12.586457026677 -0.263547743868 -0.144480779631 -0.000661349663 | 0.014213350478 -0.053100543003 0.998488013449 2.530926345811 0.686970143045 -0.019056317667
-7.750891740885 -6.609467814697 -5.092758446357 1.416855806712 0.894852456531 0.001950052266 | 0.003817025497 0.037190891774 0.999300889565 -1.766751000489 0.193196934477 0.026062061170
-5.491681636717 -10.189974408111 -11.977706654994 -0.382649067775 -0.439241804078 0.004041715823 | -0.018618227466 0.010090734356 0.999775744198 -0.485944729632 -0.890547638503 -0.149772184277
12.341485250816 -12.737278108184 -7.140704075472 -0.275441792010 -1.247823929876 0.000606989852 | -0.010914880216 -0.047997331636 0.998787826090 2.285197781149 -0.516277757969 -0.000562721982
4.037591738971 5.401671412806 -11.096430408594 -0.025529862865 0.488664348142 0.000852223857 | -0.011682761492 0.083334492815 0.996453147615 -3.964413573282 -0.545875710452 0.014593034763
-2.194631955708 -4.064921240875 -4.607516503960 -0.038245234285 0.276684361196 0.000225964783 | -0.043311508321 -0.050382515615 0.997790416554 2.406978890200 -2.060482061019 -0.110401097524
-3.602124131492 -1.807381235931 -5.022151951305 0.307238892684 0.117539813733 0.001719976386 | -0.037768864061 -0.017157058903 0.999139203633 0.818031357223 -1.797410960273 -0.126007199318
6.729412685615 8.867090864008 2.252541183188 -1.586876351476 -0.381791066602 0.016404843159 | 0.022260479858 -0.016901585939 0.999609327402 0.821813369050 1.107417879806 0.087925924158
-3.939054987805 11.078269737060 7.727445816713 0.274286852695 -0.618471397309 -0.000000395971 | -0.016593013144 -0.070454239836 0.997376995927 3.352576815873 -0.788784878275 -0.053859103371
0.001000000000
