11.877395723120 9.290388605653 0.849294673849 0.992867773918 0.728241945284 -0.145755071599 | 0.362961157508 0.138832316640 0.921403704137 -1.403972607397 5.522419475732 2.131563489587
-3.481811369980 0.603854311582 -10.742734266778 0.573297084992 -0.584963275062 -0.511386101183 | -0.001665289112 0.059993353424 0.998197387473 -0.859345243748 0.036611487700 1.482782148132
9.036798656924 11.078479609827 -1.998649979263 -1.772722688488 -1.017597860747 -1.449853041085 | 0.053619924173 0.200970371562 0.978128730529 -2.886102030368 0.769047799134 -0.307237882634
5.124206025228 -10.448206750795 -1.779023825633 -0.305345076173 -0.180115075236 -0.716602701195 | 0.119569538219 0.052687120044 0.991426846979 -0.460553232902 1.677451948881 2.321696773020
-12.824155537770 9.686710496785 0.321021864500 -0.267195397305 -0.515386723970 0.862479558052 | 0.021101889971 0.421427306972 0.906616641794 -6.181716326873 0.964958347331 1.808796746662
13.521706819595 -6.218994570931 -2.367774008428 -0.090031235316 -0.016057737479 1.646072322573 | 0.014829493179 -0.111501737049 0.993653585898 1.577833229270 0.228594614865 0.134384044508
7.321437461424 -6.396052563739 -1.271016016847 1.554838902648 0.657757568848 -0.217538755667 | 0.121581230826 -0.126620220141 0.984472104309 1.383482796855 2.152075861583 -4.647486571725
-2.732602967066 6.561284500775 3.624875833609 -0.151503144125 -1.920167025725 -0.695251470232 | 0.055399649118 -0.021985671769 0.998222174225 0.250053565467 0.816805901877 -1.037799093926
13.185300495703 -10.594499140346 7.358575836430 0.314168388511 1.056883082007 -1.314945418579 | 0.143407254517 -0.086123365087 0.985909288595 1.065783288583 2.196780608408 -1.087380357658
1.581759732041 -3.646228103136 -8.885522966679 1.199824727375 0.501950495124 0.693105836450 | 0.099970274150 -0.175226739054 0.979439397925 2.406453422062 1.674091682286 -1.694122084211
-3.932253051642 4.485168222162 4.009543551874 0.420840762103 -0.625737808913 1.250204713000 | 0.054345230751 -0.154093984347 0.986560509996 2.373150383529 0.328900004126 3.875355917777
-8.049338702969 7.569131334343 -3.102529480711 1.763141958555 -0.513574324331 1.106534081658 | 0.045177401192 0.199924676117 0.978769189493 -2.952904052147 0.531843471604 -0.897377945123
3.075013336183 -1.706312755714 -9.332719115669 -0.045372479306 1.362662216056 1.756161440939 | 0.155154329813 -0.020013353257 0.987687501000 -0.227626928511 2.306788408480 -4.360310360042
13.032447793143 3.878895723205 -7.781461286732 0.538109381153 -0.373963129161 1.134359096757 | 0.158625579045 -0.095591033383 0.982700503719 1.750680304649 2.036380336632 3.229410271792
-1.172825278198 8.583161054570 7.327397142043 0.429382112888 1.462915183595 -0.945485493039 | 0.038607776525 -0.111385874097 0.993027001971 1.460036326699 0.437038958024 -4.094697239486
-8.319025244980 6.890105817433 3.525134078263 -0.157117838024 -0.138214814406 -0.089876922987 | 0.239001512392 -0.149225220011 0.959484294185 2.397304238239 3.276494489325 1.284607162464
3.460544182555 -10.175062376813 -3.933091175680 1.317371462103 -0.683927851580 -1.120285166706 | 0.136888220082 0.157368157847 0.978006583873 -2.004779196813 2.171215742119 2.097567501115
0.909732375721 9.583192053446 -8.548935006978 0.229830049054 -1.374904650424 0.036748443183 | 0.018764038657 -0.023842722808 0.999539611732 0.374603527547 0.180322818103 4.380935306671
2.322121485575 -10.754218080741 -0.924055748807 -0.452643840971 1.117791177216 0.826225791901 | 0.075950120485 -0.037224961114 0.996416520070 0.244491527975 1.300652570683 -4.680875587457
10.882574014446 0.701771894703 -1.575473639781 1.089039457444 0.866683975126 1.361269186777 | -0.091151649566 0.160007237754 0.982898296187 -2.424065842831 -1.074921418160 1.931852678593
-4.471130058845 -12.220126955325 -12.343405099431 -1.526696470500 -1.114710911025 0.072149123910 | -0.210203965929 -0.014928420118 0.977543571909 0.467626302898 -2.994960108061 -1.713252238844
12.837662473670 -10.795424337969 2.168319198651 0.423735987579 -1.379293132371 0.677690767466 | -0.157186145150 -0.154306984396 0.975439321711 1.994332295541 -2.335761562088 1.377360336277
7.407145202282 -5.634184876244 3.713216929193 0.526578806874 0.161518559457 -0.965675612821 | 0.033768517300 -0.019422942610 0.999240930176 0.386245321061 0.384853565515 3.109800710468
-1.255171035635 11.753662319055 -2.940539795813 -0.356989741314 1.458517552305 -0.699069891487 | 0.008696150524 0.006309279940 0.999942283311 -0.087409148851 0.173415882652 0.660940214531
11.125218778725 -2.361872464838 -8.708712122936 0.479611175171 2.135195779461 -1.487651455595 | 0.080269729260 0.091123451384 0.992599258096 -1.412135015510 1.016929763987 -1.765101616418
-0.056617819601 -1.750510850941 8.802648391069 -0.018653555551 -0.052839473857 0.072442532886 | -0.016767868744 -0.003883086529 0.999851869137 0.117032451514 -0.462312588569 -0.651568037558
-1.707396419828 -10.848580856206 6.230600598555 0.018094176497 0.012073022818 0.002274982665 | -0.000437309334 0.000579498235 0.999999736471 -0.016302247368 -0.012079217512 -0.193052540837
-12.107777283681 -0.969634974815 3.921277159966 -2.042090842831 -2.035482753626 0.018098016741 | -0.070440790303 0.063279553347 0.995506802182 -0.884262266495 -0.955100537058 -0.076342062537
-0.877233720052 7.304499899991 8.062486319789 1.517518337429 -0.095466511469 0.151471197037 | 0.158696493369 -0.296998670208 0.941598222644 4.172684513161 2.434423439423 -1.631953899374
-10.363103476514 8.216982915138 -2.965049284094 -0.528806349374 -1.009831157213 -0.029518024018 | -0.026966224196 -0.172892364731 0.984571507292 2.515553068305 -0.312129753174 0.527135625735
4.255013766005 9.566200618040 4.746333236586 -1.312229575490 1.150963980998 -0.068057152469 | -0.054538866477 0.184503165168 0.981317529695 -2.564140588802 -0.763290938100 -2.016029328557
-10.943043221321 -1.167769467939 0.247840833403 -0.899951129324 -1.182012022480 -0.004468343059 | 0.029988754205 0.076919921132 0.996586173070 -1.089640420640 0.456211058408 0.006666923442
6.022958992421 -3.560363108307 9.819826445822 0.176018243476 -1.445797529573 0.003046049727 | 0.106361557821 0.068767573987 0.991946692008 -0.984271888362 1.525245648510 -0.025052561728
-3.207876178623 0.185614769500 0.969465208296 0.036467936350 -0.643845166262 -0.001434319840 | 0.126022086996 0.160557366956 0.978948295624 -2.301137950041 1.795811320453 0.022976454587
10.070342324116 0.354434549564 5.733940696681 0.232518473342 0.503104207415 0.065307657213 | -0.063806430096 0.079801325541 0.994766549458 -1.083546434090 -1.009409589501 -0.368875518141
-12.309037406362 -4.907603581653 5.787733318626 -0.180645188791 -0.564970242163 0.002885757001 | -0.112273982226 0.097306906880 0.988901369596 -1.388946155803 -1.613987182339 -0.011074205734
-1.168250215944 5.480341749266 -0.524536777912 0.300102404574 -1.106397506755 -0.032537014723 | -0.140134104751 -0.184061688116 0.972873952603 2.742458641241 -1.935529889376 -0.628075080438
-12.342011596603 -11.848778995562 -11.755056044775 -0.992414041745 -1.307376251844 -0.023945229848 | -0.058245054871 -0.204431128388 0.977146574128 2.957582798833 -0.787976974003 0.054509935236
-3.994893145195 -11.340191688178 -5.812018167934 0.167743023896 -1.356084771179 0.006585341796 | -0.129934727989 -0.062803794263 0.989531530518 0.898496167717 -1.845102467623 0.002336231557
0.534630715332 4.904819583405 -0.574275699166 -0.417697034366 -1.051339296334 0.004656861394 | -0.150845517684 0.114408841648 0.981914582205 -1.634706958930 -2.210173031800 -0.302595075185
6.726318397097 4.568158598795 -3.038769277105 0.920730247872 -1.704889050670 0.001850385376 | 0.096965451052 -0.002917261545 0.995283472628 0.042054935320 1.363401579180 0.086795626935
11.809119968519 1.167390009002 -12.586548991550 -0.279607540078 -0.146742829896 -0.003108554550 | 0.050369191719 -0.183498817150 0.981728643073 2.633175130206 0.759706177723 -0.083908335314
-7.678003603053 -6.563336740182 -5.092541478690 1.450092762315 0.919651114117 0.006552641343 | 0.014982036045 0.128055860515 0.991653787964 -1.818413341538 0.260587635306 0.099889418381
-5.512565772368 -10.212877536563 -11.977319203560 -0.438858692234 -0.461732149664 0.010319523377 | -0.064730867267 0.036624243166 0.997230454627 -0.525148440128 -0.940849028829 -0.512142920893
12.327221840407 -12.801574425684 -7.140622053446 -0.285506817017 -1.280967102697 0.002779328133 | -0.037069713671 -0.165745714942 0.985471559360 2.375752886885 -0.519446265627 0.006641104016
4.036008730782 5.426866178268 -11.096329104904 -0.036751936785 0.502203094476 0.003202799423 | -0.038458827111 0.284201853488 0.957992810564 -4.091503148725 -0.513162642858 0.048349846362
-2.196153128479 -4.050028896481 -4.607435631856 -0.021866283911 0.309758681508 0.003622328011 | -0.149860508542 -0.173615374419 0.973344507225 2.557035193040 -2.114310920020 -0.365184037603
-3.586821297762 -1.802015806621 -5.022004506722 0.294877090130 0.092959518201 0.003526723659 | -0.130861035510 -0.058560129300 0.989669692696 0.878291579078 -1.852446673303 -0.439800460369
6.648016447101 8.846791005142 2.254391310112 -1.613903210069 -0.417603276998 0.056289969356 | 0.085568566487 -0.061114980662 0.994456122495 0.947683139606 1.366017293268 0.305888648511
-3.924972961426 11.046023605608 7.727440811193 0.280083545193 -0.650360056623 -0.000291451538 | -0.057701174676 -0.241234369669 0.968749995268 3.471761039773 -0.804795188570 -0.191164160893
0.001000000000
