11.891494102167 9.300632505407 0.847243174853 1.021496076360 0.735270064187 -0.147169341305 | 0.429024552320 0.168018051632 0.887529079993 -1.353333682630 5.625159287267 2.095594584819
-3.473758560201 0.595626804684 -10.749929523917 0.577244676461 -0.590533806798 -0.516627103361 | -0.002490865417 0.072052699826 0.997397716078 -0.873713336224 0.042467179196 1.499585542022
9.011728031665 11.064089276516 -2.019076523091 -1.809185180378 -1.038756811090 -1.468557467709 | 0.065293741053 0.240331765848 0.968492317834 -2.939904088231 0.766293549181 -0.468500191119
5.119871706097 -10.450706635658 -1.789092626825 -0.313754937294 -0.177114107934 -0.721712346210 | 0.140832527646 0.062966375652 0.988029065713 -0.412818548318 1.663004791475 2.318090860983
-12.828035496210 9.679445840223 0.333153745034 -0.287235145546 -0.522482692384 0.870707569804 | 0.022121401171 0.499330280217 0.866129271454 -6.281653084642 1.041664268219 1.742362515673
13.520599370758 -6.219192131301 -2.344660318905 -0.068267773656 -0.012102150733 1.656189130288 | 0.018318885083 -0.133501424607 0.990879300459 1.593954144227 0.243353456136 0.114262028177
7.343396253920 -6.386768689065 -1.274023381313 1.582420235066 0.668739858181 -0.212018417644 | 0.142556341411 -0.154070169355 0.977721878879 1.359587087952 2.234689843679 -4.666794267051
-2.734738377935 6.534176843565 3.615099058330 -0.153596454236 -1.952939616694 -0.701572962016 | 0.066626719916 -0.026300898840 0.997431272276 0.247603297121 0.839042451138 -0.939044194588
13.189523098161 -10.579675751184 7.340469555650 0.289929699139 1.060522288080 -1.272672858428 | 0.172657259524 -0.103193346587 0.979561434497 1.070219569925 2.263153576600 -1.068776432823
1.598600564527 -3.639118975357 -8.875759659173 1.206214281136 0.513566119858 0.701878388395 | 0.118665546169 -0.210871483945 0.970284342557 2.444914438447 1.723338457854 -1.631667803244
-3.926382438033 4.476437321291 4.027132690970 0.417951396538 -0.621560154083 1.262788034524 | 0.067764946477 -0.183884064152 0.980609281508 2.442370895068 0.267851611223 3.989191649228
-8.024566209115 7.561859511151 -3.086923204649 1.776125971798 -0.525390779816 1.123202219769 | 0.055241438487 0.239984812205 0.969203628442 -3.021317044001 0.512509057541 -1.007389746179
3.074427561346 -1.687192136708 -9.307996460404 -0.038180407289 1.369334709804 1.775976237657 | 0.185926061939 -0.026804125414 0.982198064727 -0.287728903697 2.362235905691 -4.308365198165
13.040037176469 3.873640500997 -7.765495170887 0.546260279513 -0.376903253931 1.146801023397 | 0.191297363732 -0.112157595960 0.975103067526 1.829910552443 2.041624987055 3.273891399724
-1.167500392400 8.603957388399 7.313995732882 0.329881187802 1.508743163149 -0.967591552709 | 0.036307815458 -0.134057303839 0.990308225667 1.473793041887 0.307547559031 -4.611098517559
-8.321225338341 6.888149446396 3.523874263554 -0.157240915718 -0.141301333897 -0.090115652139 | 0.285675657866 -0.176883779431 0.941860683476 2.462139633740 3.299301763229 1.265398497819
3.479044651493 -10.184714081223 -3.948834338518 1.325645479372 -0.695035128334 -1.129222927394 | 0.161679193600 0.189030373657 0.968569747717 -1.997166797182 2.216673744995 2.111159124015
0.912894527852 9.563883238135 -8.548406243925 0.222090272524 -1.383755375474 0.038763845669 | 0.022814956141 -0.027815498246 0.999352678404 0.374650360215 0.173119895474 4.350255098576
2.315799503949 -10.738479555143 -0.912467393119 -0.450551804757 1.130872680858 0.829415776131 | 0.091831157762 -0.045909757972 0.994715704404 0.209398358593 1.371014721015 -4.727541497025
10.897912516574 0.713961786241 -1.556294931192 1.102441693757 0.874902472881 1.378872722493 | -0.110561076729 0.190872381585 0.975368639162 -2.477911116693 -1.064042436983 1.935730613680
-4.492539220446 -12.235828373695 -12.342385345279 -1.532077297379 -1.128637737633 0.073656340381 | -0.251643645911 -0.015923789029 0.967688952306 0.533682258433 -3.034629400955 -1.876046600301
12.843677227642 -10.814885972769 2.177755982177 0.435400098024 -1.401426942353 0.670388730077 | -0.185789351443 -0.184566509251 0.965099746427 1.987834734974 -2.342003850555 1.300644140345
7.414509093738 -5.631910760844 3.699604381365 0.525511134288 0.163432709918 -0.979201425737 | 0.039958503265 -0.023405190273 0.998927182073 0.413693433562 0.366732436263 3.130987893661
-1.260155982548 11.774195632206 -2.950380711234 -0.355258135983 1.475178834107 -0.706945132019 | 0.011182573956 0.007634722545 0.999908326324 -0.088314044627 0.191268943988 0.711755045183
11.131969005642 -2.331798748004 -8.729656517238 0.484773074128 2.161556975346 -1.504767011512 | 0.096828889138 0.108774046374 0.989339361930 -1.447430345191 1.015227738101 -1.758245471075
-0.056893509159 -1.751322635698 8.803774073503 -0.020601249889 -0.063117194580 0.088516033576 | -0.023907465765 -0.005498549941 0.999699054230 0.143110718323 -0.551114117574 -0.777826964777
-1.707117982001 -10.848393452129 6.230636505249 0.021687610663 0.014718025470 0.002864245014 | -0.000620693027 0.000833077790 0.999999460361 -0.019716680120 -0.014428560122 -0.234771957858
-12.136540434888 -0.998276722678 3.921559257266 -2.067425069353 -2.056684303274 0.022235538668 | -0.083602616090 0.075721705184 0.993618048320 -0.890216133695 -0.947169409183 -0.089893707016
-0.855132469193 7.302997385125 8.064707080662 1.641630290026 -0.119542422273 0.164216269285 | 0.182332019698 -0.355675991324 0.916651309817 4.162824770229 2.497086423235 -2.049453525546
-10.370505049896 8.202749877623 -2.965493443462 -0.528505314162 -1.023614167707 -0.033879816845 | -0.029543381904 -0.208040718198 0.977673896633 2.569296760063 -0.288297796955 0.625794744939
4.236316600038 9.582202686922 4.745241770986 -1.358023026149 1.134621495855 -0.088178852375 | -0.058664160882 0.221337954206 0.973431058810 -2.563697901920 -0.755232554506 -2.368154771070
-10.955681793535 -1.184408002247 0.247771851812 -0.905762040583 -1.195230726666 -0.005387721246 | 0.036457077792 0.092208500158 0.995072094864 -1.103351810402 0.473424623774 0.011822359939
6.025429899890 -3.580708642591 9.819872955672 0.177006287648 -1.461048483781 0.003596952326 | 0.127705081533 0.082473273274 0.988377241415 -1.000189260997 1.550177753938 -0.031684352451
-3.207363405565 0.176539774668 0.969442322412 0.036784294983 -0.652741348860 -0.001841792041 | 0.150605684841 0.192228265346 0.969724817510 -2.335701505535 1.817793573119 0.026433709528
10.073627376614 0.361409123321 5.734958631828 0.237031986163 0.493335687130 0.080240928902 | -0.077680859289 0.095239686711 0.992418805835 -1.078253363193 -1.057382148067 -0.443120376239
-12.311565595870 -4.915561272478 5.787778592435 -0.180541979050 -0.571968954285 0.003592399270 | -0.134730939746 0.116645855994 0.983992539684 -1.408981314289 -1.641251409959 -0.013292164140
-1.163606271900 5.464650946203 -0.525036708470 0.363718520174 -1.135444079257 -0.038895838075 | -0.168224918452 -0.220209275498 0.960837266032 2.818201205588 -1.926240202501 -0.740659823373
-12.355998784046 -11.867178522838 -11.755425544863 -1.005987305071 -1.321430429695 -0.028857508078 | -0.068731004060 -0.245095577338 0.967059567478 3.010694348581 -0.780845327259 0.065420828318
-3.992540248974 -11.359280970739 -5.811915428078 0.168435465456 -1.371272083751 0.008105086628 | -0.155592028480 -0.075320855660 0.984945627624 0.911986480831 -1.868577036536 0.004480722990
0.528427987849 4.890187210846 -0.574191844698 -0.468901116823 -1.039200844348 0.007415850961 | -0.180859481209 0.137706086435 0.973820764728 -1.655195890036 -2.261277622739 -0.362849688732
6.739275447260 4.544152564710 -3.038740564607 0.930498984966 -1.724948081563 0.002253636129 | 0.116033814871 -0.003364820303 0.993239564149 0.042337455883 1.376223623011 0.099707881139
11.805168881118 1.165324111367 -12.586598111823 -0.284874523524 -0.148451351066 -0.003914524362 | 0.060661085186 -0.219878369692 0.973639427758 2.671913475043 0.783411320182 -0.105480402593
-7.657595776720 -6.550386849412 -5.092440917421 1.465659853738 0.930557166332 0.007813793422 | 0.018521687574 0.153440306121 0.987984321509 -1.841974221879 0.282260326445 0.122858267956
-5.518830729506 -10.219400142045 -11.977168600116 -0.456247189992 -0.470216408559 0.011124852761 | -0.077658821980 0.044583925768 0.995982620798 -0.535116804407 -0.958526795320 -0.613794820479
12.323197509782 -12.819607847549 -7.140577823273 -0.289462982576 -1.295528153650 0.003551772520 | -0.044214624299 -0.198675154954 0.979067540981 2.413143143580 -0.523016235259 0.010793003109
4.035471446982 5.433936836166 -11.096279161605 -0.040016125427 0.507999977353 0.003939032709 | -0.045458133102 0.338904515364 0.939721920358 -4.148446978576 -0.505589367479 0.057357277578
-2.196430755702 -4.045614698154 -4.607373769176 -0.017829688715 0.320984418280 0.005266517471 | -0.179693706271 -0.207741373299 0.961537151516 2.619006510883 -2.132927813274 -0.432098188494
-3.582706296333 -1.800762888093 -5.021955282129 0.293074393357 0.085992161489 0.003466218462 | -0.157044026680 -0.069922162565 0.985113224389 0.908126958103 -1.872677636361 -0.529406969475
6.625326930530 8.840856576754 2.255256728120 -1.627814990229 -0.430367978112 0.067347502615 | 0.105380375714 -0.074137445173 0.991664568106 0.991307121432 1.437932465643 0.368861010017
-3.921028695672 11.036834827026 7.727435369000 0.283502073972 -0.662522091332 -0.000497960532 | -0.069354698527 -0.288152671626 0.955069611927 3.524181967940 -0.809477234820 -0.229665518028
0.001000000000
