11.830926122955 9.255207713382 0.856206690494 0.909760430034 0.710825795954 -0.135332447386 | 0.118971609543 0.041849576709 0.992015306864 -1.623124762558 5.253016058211 2.213627772523
-3.509699164923 0.632173072691 -10.718011321832 0.568270125325 -0.574181502719 -0.500543976063 | -0.000108922995 0.018933266311 0.999820743715 -0.824406975928 0.014647784103 1.445754592661
9.120944630561 11.127026915326 -1.928883096315 -1.672162925137 -0.972810271032 -1.405954361407 | 0.016364284295 0.064187039660 0.997803705214 -2.783727562698 0.735043904979 0.218533312708
5.138365568126 -10.439052356886 -1.744383215958 -0.271974505810 -0.194660222587 -0.698858587836 | 0.040181701195 0.016769889003 0.999051651173 -0.634782858371 1.743026161144 2.383278649293
-12.812656575577 9.711425449763 0.279367786567 -0.204295869533 -0.495644575001 0.841464128520 | 0.009395910078 0.136616810195 0.990579408249 -5.950105084381 0.636931779973 2.008838609853
13.528073608226 -6.217922769053 -2.447869036704 -0.171578617021 -0.026959305843 1.631405741999 | 0.004177904677 -0.035513045490 0.999360479863 1.542011601128 0.185224403897 0.213855348409
7.247323092021 -6.427552781515 -1.259944944850 1.478135421631 0.632474642007 -0.233834110507 | 0.041357255765 -0.037897338629 0.998425444948 1.505891032721 1.921469521266 -4.645004851861
-2.725324448728 6.653099755172 3.658544586619 -0.146370157370 -1.839332190470 -0.682743151168 | 0.017576758964 -0.007033892351 0.999820774891 0.280389503636 0.770374129176 -1.371135484357
13.167006240709 -10.645617094023 7.427582255507 0.446069063148 1.023089944917 -1.519413825469 | 0.044671511342 -0.028038372501 0.998608184295 1.142113732476 1.993787413886 -1.087721510985
1.523318606571 -3.669781866237 -8.918949616168 1.191041139343 0.460001472523 0.676065874087 | 0.032787547296 -0.054718075019 0.997963380595 2.337927272194 1.511099431287 -1.927280057841
-3.953241834544 4.516235679791 3.949106611264 0.438528569155 -0.644707958533 1.223256752436 | 0.014970614693 -0.049453203637 0.998664238544 2.195020217427 0.521268078881 3.511532123343
-8.134942924713 7.593411748120 -3.155572157998 1.739481724169 -0.480499993037 1.064552548890 | 0.013552361676 0.062746395495 0.997937484688 -2.757221390563 0.573180351359 -0.458022752563
3.077736433210 -1.772947837295 -9.417392340407 -0.064109270939 1.366477559284 1.708494639697 | 0.049085876977 -0.003644285295 0.998787913356 -0.009705840537 2.157467681743 -4.582378654639
13.006620318553 3.897073532519 -7.836246909805 0.519565497143 -0.370275876066 1.108225133278 | 0.049228723525 -0.032424547948 0.998261078812 1.523874316758 2.064062972033 3.116623960957
-1.201420586952 8.515657534043 7.371057688340 0.729665563243 1.280850490586 -0.831911774633 | 0.019867848132 -0.035047962950 0.999188124881 1.473979762823 0.819143386819 -2.555292683413
-8.311281530871 6.896647038552 3.529536176950 -0.160129369541 -0.129574108353 -0.090281130235 | 0.076039021051 -0.048933743959 0.995903386870 2.209548566902 3.254189204327 1.360566854383
3.396602649029 -10.142340779173 -3.878547592796 1.296907371878 -0.655822442669 -1.114114286275 | 0.045413367967 0.049433455007 0.997744435983 -2.070215219914 2.044319207792 2.084219404025
0.897647788027 9.650048567946 -8.550542361467 0.266201145732 -1.360522676568 0.028651554314 | 0.005622914409 -0.008199297578 0.999950575955 0.369812279394 0.214654577121 4.503181834777
2.344542095518 -10.808154974250 -0.964422825195 -0.464520731454 1.090418233856 0.825544157454 | 0.023271030896 -0.010857326178 0.999670234422 0.381261460674 1.078523685881 -4.567003101964
10.830103749625 0.659837358105 -1.640979720292 1.058836580368 0.849453744489 1.320109496977 | -0.027670333626 0.051520328665 0.998288539637 -2.281020459946 -1.131728783790 1.910685506797
-4.396464165200 -12.166414580126 -12.346917726765 -1.529184987042 -1.084500916185 0.072860289921 | -0.066774699615 -0.006327435369 0.997748015810 0.323276365086 -2.901399476416 -1.148745170363
12.817964409135 -10.729295853980 2.134481053642 0.380602156277 -1.329162332921 0.705453950478 | -0.052149363013 -0.048919739271 0.997440375685 2.053660128706 -2.305973654726 1.605314445016
7.381148972553 -5.642005413644 3.759592242001 0.537210097545 0.159068287960 -0.932515569066 | 0.011266161159 -0.006107200272 0.999917884487 0.299906931545 0.458427676805 3.063370426942
-1.237421533913 11.683274004163 -2.906796199045 -0.369954309230 1.422898142457 -0.682242622410 | 0.001969625320 0.001953786382 0.999996151640 -0.084591811976 0.104062940474 0.480743731411
11.102092705936 -2.464724525584 -8.636937784374 0.466389391789 2.074828351344 -1.450361564161 | 0.024891344655 0.029339762700 0.999259525492 -1.312253275495 1.040357595067 -1.834693734961
-0.055963975562 -1.748806513135 8.800367928745 -0.007034173827 -0.016823770278 0.021946354259 | -0.001726901102 -0.000401783962 0.999998428190 0.035186377995 -0.149259627425 -0.209926996728
-1.707978949073 -10.848960569565 6.230532174117 0.005751058101 0.003628118974 0.000613125934 | -0.000045989514 0.000058339922 0.999999997241 -0.005064401843 -0.003958438388 -0.058748769141
-12.009416985774 -0.871246218848 3.920716207598 -1.984049954695 -1.991841293828 0.005225982504 | -0.023072049299 0.020222934629 0.999529245923 -0.874992869403 -0.989329463610 -0.025640763106
-0.942318018188 7.306499715815 8.057083498175 1.157355831828 0.033621200337 0.060303246372 | 0.055414986872 -0.094029131215 0.994026006558 4.096373349581 2.391078146461 -0.442868559965
-10.337204651011 8.265438707570 -2.964031414559 -0.528921416354 -0.972549706524 -0.011108297188 | -0.011069871180 -0.054045863050 0.998477091695 2.366663723095 -0.440507298854 0.174266734240
4.314700222636 9.508708973715 4.748233941683 -1.115544335804 1.195022921457 -0.014252171648 | -0.022987127339 0.057708884691 0.998068773484 -2.523571053382 -0.934658932392 -0.695372071217
-10.899248559992 -1.110690455454 0.247982850590 -0.892498812951 -1.154712317824 -0.001369536359 | 0.009030263779 0.024448180112 0.999660312719 -1.060809161857 0.402492681735 -0.001305331593
6.014381549821 -3.490499294487 9.819725937564 0.175042208069 -1.413855270636 0.001030070694 | 0.033567931511 0.021794623694 0.999198773194 -0.947969879612 1.462636890098 -0.006481581636
-3.209635899615 0.216550757813 0.969506408444 0.035440846025 -0.622474976293 -0.000334548562 | 0.040313470262 0.051064508685 0.997881375750 -2.221464153157 1.750068820253 0.008124807044
10.059130842906 0.328871675150 5.731913305242 0.228217753367 0.542583395767 0.018978215393 | -0.019001466837 0.025764796804 0.999487428387 -1.107705503489 -0.856110060440 -0.115331587005
-12.300158621003 -4.880397993784 5.787644702363 -0.182437083531 -0.548530544452 0.000824649613 | -0.035472890813 0.030871366216 0.998893704438 -1.342401205679 -1.545958202206 -0.003671405068
-1.177785034943 5.532344994231 -0.523479851393 0.092480994157 -1.022646970927 -0.010637456255 | -0.043923616143 -0.058438289840 0.997324261324 2.558891034993 -1.916861072591 -0.207251995826
-12.294325343682 -11.785631662869 -11.754290637320 -0.959428114115 -1.277281991211 -0.007485036622 | -0.019429113208 -0.064639931454 0.997719494057 2.821213975364 -0.828496953854 0.017004298624
-4.003100884775 -11.274742325613 -5.812221783061 0.168352806446 -1.322816531685 0.001890109355 | -0.041389168993 -0.019892182830 0.998945062430 0.865752640882 -1.796261635314 -0.000746809093
0.551080598430 4.957571756497 -0.574351857768 -0.258831128409 -1.107151306170 -0.000291615615 | -0.047661338581 0.035714404813 0.998224863492 -1.562608798038 -2.083941052272 -0.091491394182
6.681827271246 4.650364788729 -3.038827352524 0.900441448210 -1.659963275088 0.000551151586 | 0.030990851107 -0.001039624022 0.999519127546 0.043985730961 1.341658196349 0.031510300852
11.822410391180 1.174494424029 -12.586458424509 -0.264078170251 -0.144447226065 -0.000736827434 | 0.015585318873 -0.058157636419 0.998185747825 2.533958434430 0.689515056522 -0.021123394953
-7.748057481298 -6.607677615162 -5.092754363731 1.417419317687 0.895356874345 0.002132525799 | 0.004203344111 0.040723062603 0.999161630604 -1.767901111415 0.195554485140 0.028669042218
-5.492448917270 -10.190853533955 -11.977698230392 -0.384635801341 -0.439888622821 0.004381646903 | -0.020397197777 0.011070155838 0.999730666716 -0.487585030068 -0.892175559136 -0.163920805822
12.340934110048 -12.739774413192 -7.140702795488 -0.275701840433 -1.248494461953 0.000673251680 | -0.011946006432 -0.052564022621 0.998546101317 2.287577024880 -0.516164660634 -0.000510672554
4.037540256059 5.402649025830 -11.096428620530 -0.025953316670 0.488953858060 0.000935938748 | -0.012771515987 0.091235013881 0.995747488383 -3.967343251209 -0.544451281987 0.015953499688
-2.194707758614 -4.064366799713 -4.607515996005 -0.037558394018 0.277760639197 0.000283025393 | -0.047436518347 -0.055178151674 0.997349060412 2.410837776381 -2.062302159345 -0.120718852005
-3.601510318155 -1.807147121181 -5.022148377943 0.306578012441 0.116575644032 0.001852522115 | -0.041366787838 -0.018782176495 0.998967476302 0.819094414151 -1.799145694399 -0.138036117892
6.726238613639 8.866326184464 2.252575547427 -1.587211415266 -0.382893747138 0.017959492722 | 0.024487746625 -0.018544308063 0.999528118116 0.825925734190 1.117525343644 0.096280396105
-3.938506382298 11.077031929002 7.727445813786 0.274322209534 -0.619344061030 -0.000002612233 | -0.018175022307 -0.077140958693 0.996854523517 3.355405967154 -0.789419290698 -0.059076334241
0.001000000000
