11.895597462418 9.303578074264 0.846653944594 1.030156352633 0.737483790213 -0.147424882424 | 0.447488930596 0.176433422911 0.876712555102 -1.339849058051 5.656248901342 2.084052815934
-3.471446826196 0.593260984553 -10.751999461650 0.578603380728 -0.592356514092 -0.518324314106 | -0.002761563443 0.075531076948 0.997139624216 -0.878141141872 0.044119729748 1.504833746031
9.004469014429 11.059920549114 -2.024962657781 -1.820257302079 -1.045602340214 -1.474459140010 | 0.068738051943 0.251604334582 0.965386108785 -2.957288246970 0.764243348816 -0.515378531256
5.118611935320 -10.451413664892 -1.791982478715 -0.316107843675 -0.176400986195 -0.723167518378 | 0.146796738093 0.065903995144 0.986968784263 -0.399323866613 1.659363165896 2.318424562177
-12.829196306359 9.677351539273 0.336641707407 -0.293167573795 -0.524644950720 0.873230885704 | 0.022202480787 0.521138773041 0.853183115797 -6.312729481753 1.061861278310 1.722567921584
13.520338525601 -6.219238156059 -2.338028546941 -0.062158488148 -0.010904517917 1.659634453853 | 0.019352637419 -0.139817869881 0.989988100275 1.598980182355 0.247772058470 0.108643182060
7.349742865127 -6.384086739171 -1.274868249669 1.590825110782 0.672218525636 -0.210399876743 | 0.148382275207 -0.162087375323 0.975556447965 1.353565310060 2.259764522473 -4.673659137914
-2.735354103420 6.526344440467 3.612288607585 -0.154261920441 -1.963207198516 -0.703626762509 | 0.069888430092 -0.027540771384 0.997174565084 0.247472358357 0.846175627016 -0.910524995050
13.190670803176 -10.575431555397 7.335400525130 0.283973683618 1.061511126425 -1.261854425556 | 0.181103613173 -0.108141633530 0.977500316314 1.072946404638 2.282800363973 -1.062812492610
1.603429942607 -3.637058035488 -8.872946415967 1.208428519489 0.516870474215 0.704724295387 | 0.123969454642 -0.221157637507 0.967326663381 2.457271165441 1.737631181825 -1.614241588634
-3.924711853620 4.473953188890 4.032192025137 0.417330143185 -0.620474998033 1.266833367888 | 0.071793854379 -0.192378376647 0.978691066002 2.463629197132 0.249785310765 4.022329365932
-8.017452929893 7.559750731554 -3.082419906409 1.780448499618 -0.528982021822 1.128409907353 | 0.058218801901 0.251486973927 0.966108106296 -3.041800570576 0.506442775001 -1.037625344259
3.074279194856 -1.681709495425 -9.300879901024 -0.035990747994 1.371953531808 1.782237149605 | 0.194752170386 -0.028916010570 0.980426160638 -0.304802010902 2.378998201145 -4.294341989019
13.042227428422 3.872130819261 -7.760899846527 0.548851007487 -0.377928027273 1.150824435501 | 0.200757542262 -0.116760169579 0.972657941943 1.853792123096 2.044101863762 3.287398326682
-1.166240537687 8.610020843941 7.310115555523 0.299912196944 1.522989620480 -0.972295624509 | 0.034872102050 -0.140566277729 0.989456951092 1.476418445342 0.267686508381 -4.764556826601
-8.321854552025 6.887582354874 3.523513592417 -0.157362500963 -0.142239774701 -0.090216722448 | 0.298996245753 -0.184692033450 0.936210498662 2.481547808804 3.307003406734 1.260047433768
3.484352651008 -10.187501116516 -3.953357758269 1.328293275230 -0.698456749844 -1.132468668256 | 0.168644301992 0.198149873340 0.965554621500 -1.995893590166 2.230635704193 2.115875951458
0.913778926985 9.558342116409 -8.548250074267 0.220112970105 -1.386754276625 0.039316861591 | 0.023996320075 -0.028906036525 0.999294059662 0.374540283163 0.171276760705 4.341768271621
2.313998213592 -10.733947553569 -0.909147267198 -0.450074088140 1.135093244713 0.830617058428 | 0.096431723711 -0.048505944513 0.994156977549 0.199630658519 1.391616053280 -4.741680304872
10.902330891618 0.717466768191 -1.550768206446 1.106709382895 0.877556452031 1.384443603285 | -0.116214402044 0.199681703852 0.972944720888 -2.494254555115 -1.061343606784 1.936504010083
-4.498671825036 -12.240351882543 -12.342089571765 -1.534170352924 -1.133080085276 0.074237076382 | -0.263516251651 -0.016069275978 0.964521105775 0.554626789855 -3.046923206007 -1.922556911148
12.845425403352 -10.820505842859 2.180433537430 0.438653469072 -1.408474449006 0.668350007250 | -0.193843748467 -0.193204046449 0.961819524452 1.986708951352 -2.343204770870 1.277607048017
7.416610938582 -5.631255717270 3.695679020783 0.525392364179 0.164086827914 -0.983445875813 | 0.041714518194 -0.024562216924 0.998827610988 0.421749850992 0.361756327061 3.137481789611
-1.261576385175 11.780107159528 -2.953213598948 -0.354933518764 1.480536978767 -0.709475273425 | 0.011935003767 0.008021693665 0.999896598712 -0.088563798602 0.196224656755 0.726229519422
11.133911361837 -2.323135623407 -8.735686659884 0.486384917133 2.169932825076 -1.510254575133 | 0.101626593171 0.113822436467 0.988289678443 -1.458071071071 1.015052133525 -1.757228493439
-0.056976761201 -1.751580969898 8.804137662658 -0.021012056559 -0.066044925847 0.093286703424 | -0.026180128108 -0.006006453725 0.999639196613 0.150816240301 -0.576408591769 -0.813894574338
-1.707029160091 -10.848333023515 6.230648320280 0.022722592043 0.015497146405 0.003043964794 | -0.000678925457 0.000914561545 0.999999351318 -0.020713142886 -0.015109012055 -0.247013158114
-12.144826385485 -1.006517332194 3.921650641245 -2.075481848217 -2.063552057799 0.023458050505 | -0.087333229958 0.079294038715 0.993018309181 -0.892152321074 -0.944983389269 -0.093684720917
-0.848490691212 7.302504470650 8.065367798268 1.679320234526 -0.126961175068 0.165970960253 | 0.188411832837 -0.372423837730 0.908736191828 4.152990031051 2.518886215644 -2.174802292455
-10.372618981772 8.198646850944 -2.965631362607 -0.528428392170 -1.027857987186 -0.035074032683 | -0.030112519089 -0.218185121710 0.975442714289 2.585498918059 -0.282462223478 0.653855090102
4.230859398201 9.586731387143 4.744876898346 -1.370444626416 1.129634331969 -0.094277132809 | -0.059410753370 0.231877596723 0.970929010032 -2.563034328624 -0.756208922868 -2.466979565891
-10.959308911202 -1.189197551046 0.247749770740 -0.907765717940 -1.199505953645 -0.005652618991 | 0.038346313673 0.096609578523 0.994583405032 -1.107664765914 0.478507206422 0.013542204487
6.026138631762 -3.586562787028 9.819887657257 0.177353379142 -1.465974635502 0.003753570722 | 0.133856331262 0.086417959820 0.987225616970 -1.005158241211 1.557813671498 -0.033693840291
-3.207216076147 0.173923160354 0.969434708109 0.036878394570 -0.655544437722 -0.001965802549 | 0.157638286970 0.201311897560 0.966759375637 -2.346459081859 1.824719005060 0.027343053328
10.074578708074 0.363377216332 5.735288423166 0.238643605780 0.490691084594 0.084661134855 | -0.081727556436 0.099660273939 0.991659435652 -1.076815412029 -1.071346132876 -0.464396276013
-12.312287807405 -4.917853616117 5.787793389120 -0.180555774668 -0.574183015640 0.003806674567 | -0.141195654868 0.122206889587 0.982409926245 -1.415193796467 -1.649612396814 -0.013946597157
-1.162114060595 5.460091544498 -0.525195969504 0.382404364028 -1.144221208945 -0.040733824303 | -0.176288226960 -0.230542467363 0.956960099365 2.841596846988 -1.922407861499 -0.771972468812
-12.360031333949 -11.872473381479 -11.755543827860 -1.010253592387 -1.325954021828 -0.030283912458 | -0.071675862507 -0.256772409819 0.963810406818 3.026913546390 -0.779099040467 0.068540392451
-3.991865946450 -11.364775890111 -5.811882109072 0.168711026656 -1.376141252795 0.008555084004 | -0.162961460420 -0.078922473162 0.983470795524 0.916132089653 -1.875991029981 0.005201739016
0.526521910440 4.886036546186 -0.574160414969 -0.484156745413 -1.036093584127 0.008305812672 | -0.189477187101 0.144431352605 0.971204396589 -1.660964564411 -2.277072222193 -0.379727779825
6.743003821973 4.537239849018 -3.038731314288 0.933657477803 -1.731351896669 0.002371581079 | 0.121509350778 -0.003485025162 0.992584168861 0.042467822650 1.380374261767 0.103156166270
11.804026184329 1.164729140623 -12.586614242733 -0.286462218117 -0.149031547524 -0.004151069707 | 0.063623947799 -0.230320486275 0.971032680639 2.683708782598 0.790477423642 -0.111875590125
-7.651722988771 -6.546657587711 -5.092408937353 1.470685396491 0.934043003471 0.008175897986 | 0.019569907985 0.160739604020 0.986802816373 -1.849374279970 0.288727333451 0.129628699373
-5.520666052125 -10.221286336996 -11.977123781795 -0.461399261300 -0.472869026612 0.011277769327 | -0.081372353068 0.046920794973 0.995578715700 -0.537857279395 -0.963851616583 -0.643110564010
12.322037156049 -12.824799355495 -7.140563148047 -0.290704059454 -1.300181452289 0.003786663275 | -0.046253821004 -0.208140546303 0.977004655581 2.424725110792 -0.524240868361 0.012152246572
4.035309474771 5.435972558400 -11.096262968752 -0.040969021801 0.509843244151 0.004157776066 | -0.047430128140 0.354472417271 0.933862778110 -4.166314676624 -0.503489074123 0.059910237468
-2.196499847744 -4.044323930865 -4.607351656959 -0.016718488209 0.324394444438 0.005793496919 | -0.188267407522 -0.217506606367 0.957729742387 2.638281020580 -2.138430984776 -0.450941608357
-3.581534726594 -1.800422947644 -5.021941530062 0.292702961046 0.083970133589 0.003406473997 | -0.164585090941 -0.073167822573 0.983645371859 0.917736008285 -1.878777302510 -0.555318553774
6.618806379685 8.839127247087 2.255532474085 -1.632404911087 -0.434290738868 0.070522373563 | 0.111237304252 -0.077930166199 0.990733642983 1.004535153744 1.458469761153 0.387195438465
-3.919892382282 11.034177136185 7.727433233569 0.284649863051 -0.666304816665 -0.000570817528 | -0.072720021058 -0.301549731845 0.950673212919 3.540593542116 -0.810795666249 -0.240628674553
0.001000000000
