11.820108466592 9.246692826227 0.857809399245 0.893268159018 0.708314616662 -0.131697452482 | 0.057327192894 0.019744461839 0.998160182126 -1.685346787840 5.206354532395 2.223556309223
-3.516523640629 0.639059864918 -10.712010017664 0.569185553510 -0.573656388482 -0.499705497896 | -0.000006960369 0.009075061902 0.999958820754 -0.819169293547 0.008737715150 1.441267687697
9.140904055237 11.138671070318 -1.912044620998 -1.654594882397 -0.968086529742 -1.400570644451 | 0.007808693239 0.030834625306 0.999493997077 -2.776571560132 0.718033921783 0.338104017158
5.141574765692 -10.436691682228 -1.736019105590 -0.262777662233 -0.198770407388 -0.695100041471 | 0.019529169164 0.008033304790 0.999777013922 -0.679072619671 1.760368488709 2.405719320725
-12.810288629366 9.717352150736 0.269287276330 -0.190418157016 -0.492143594933 0.838640879476 | 0.004801108194 0.065620845544 0.997833079222 -5.919071945518 0.544574519765 2.049249902835
13.530260682900 -6.217587196096 -2.467454680896 -0.193009094554 -0.028917497872 1.632922360570 | 0.001939216727 -0.017052925754 0.999852707733 1.537457710829 0.176389149537 0.236199308670
7.229668506086 -6.435123371458 -1.257119802363 1.464378905640 0.629377041699 -0.236914320349 | 0.020150407632 -0.017893668089 0.999636822908 1.544945581157 1.875976451497 -4.657256387809
-2.723572684032 6.675099533562 3.666733455974 -0.145596363849 -1.827487907975 -0.682113755142 | 0.008453816902 -0.003380776278 0.999958550807 0.292190538850 0.765304347194 -1.449573183410
13.161392214349 -10.657788966606 7.446197818883 0.490299445868 1.004386118180 -1.583890200155 | 0.021310878652 -0.013644321137 0.999679788208 1.190110276907 1.947779224370 -1.058747530360
1.509020263508 -3.675239962464 -8.927057251233 1.192002706215 0.449600785440 0.675319593599 | 0.015855982150 -0.026139402578 0.999532550477 2.336619497963 1.472149865864 -1.985167461308
-3.958540614278 4.524008077527 3.934442158690 0.444641997086 -0.650678513293 1.220886603047 | 0.006933393124 -0.023773869887 0.999693318558 2.164852625450 0.564425253990 3.429119595632
-8.155811996784 7.599141101234 -3.168307883374 1.738708655847 -0.474444316188 1.058131428246 | 0.006439071821 0.029984262423 0.999529630557 -2.718254488153 0.575661304736 -0.335775079356
3.078523834555 -1.789388319142 -9.437855171136 -0.066991991829 1.373772781117 1.702017860571 | 0.023512847912 -0.001418262061 0.999722528763 0.046457652745 2.131186669467 -4.643613293845
13.000398945843 3.901520058710 -7.849531645290 0.517392661182 -0.370838211489 1.105974467270 | 0.023485594264 -0.015788808955 0.999599489983 1.478149524159 2.081199367169 3.098359042546
-1.210579653302 8.500612174813 7.380845950594 0.796444666164 1.226086813713 -0.799007961202 | 0.010279740273 -0.016815236406 0.999805768519 1.493394455538 0.904463531726 -2.230109562911
-8.309350696992 6.898192366754 3.530621928392 -0.161703586350 -0.127993809742 -0.090681473113 | 0.036445561748 -0.023637554862 0.999056047992 2.171228041572 3.261384938395 1.380658475189
3.381056979497 -10.134495070096 -3.865155396134 1.293950997135 -0.651887392247 -1.118056700068 | 0.021989735071 0.023639277655 0.999478682166 -2.094013168548 2.017346220416 2.086938911839
0.894387907315 9.666376720998 -8.550873043747 0.277195666807 -1.360842572103 0.026443841670 | 0.002654852066 -0.003999432962 0.999988478082 0.367426716497 0.224952033966 4.533626674592
2.350141011178 -10.821225787981 -0.974343223857 -0.468635307593 1.088150027904 0.827874618402 | 0.011063019981 -0.005123295819 0.999925677953 0.418487839670 1.029625881651 -4.550791858245
10.817418122102 0.649652363211 -1.656789826420 1.055519281042 0.848087174715 1.315005954280 | -0.013123852777 0.024795992251 0.999606384162 -2.255847943976 -1.149568753917 1.903818341027
-4.378078944023 -12.153417413371 -12.347800786034 -1.535107739051 -1.081825611484 0.074389505219 | -0.032025291130 -0.003198331427 0.999481941510 0.307831011510 -2.887819611737 -1.011524287657
12.813461130902 -10.713382374345 2.125969041201 0.369878720654 -1.323261272779 0.713166872352 | -0.025268804390 -0.023421902620 0.999406274746 2.076593016084 -2.298593455280 1.652241726371
7.374676920513 -5.643916515435 3.770753787887 0.541481413485 0.159488075489 -0.927801550385 | 0.005477505718 -0.002931376442 0.999980701795 0.280880836666 0.478914413856 3.058162042362
-1.232952902005 11.666219101274 -2.898618418499 -0.374871554274 1.419702938896 -0.680779896341 | 0.000841740030 0.000934035540 0.999999209525 -0.084110560468 0.085103717548 0.435366627830
11.096508380560 -2.489579533494 -8.619555897391 0.464326967439 2.067825592455 -1.446729233780 | 0.011871864199 0.014128367110 0.999829709542 -1.292178880447 1.050491157439 -1.862373467217
-0.055900893214 -1.748657148840 8.800173562090 -0.003448481882 -0.008072902978 0.010478330879 | -0.000399275859 -0.000092607145 0.999999916001 0.016744465435 -0.071879716140 -0.101132852816
-1.708030038438 -10.848992609571 6.230526820127 0.002763717940 0.001720265325 0.000283395818 | -0.000010696071 0.000013431663 0.999999999853 -0.002422527070 -0.001920852507 -0.027953780418
-11.985650272757 -0.847364615051 3.920670312519 -1.977204844423 -1.988566370879 0.002446212917 | -0.011148436016 0.009722158993 0.999890590014 -0.875096144622 -0.999196235364 -0.012453680798
-0.955753828191 7.305817006170 8.056536753817 1.082453855479 0.080913024750 0.030328686994 | 0.026961995499 -0.045030724620 0.998621692454 4.069423845081 2.416262167329 -0.205653425271
-10.330858509057 8.277070882536 -2.963930741406 -0.528649775467 -0.966163948985 -0.005586085223 | -0.005600590827 -0.025830756268 0.999650641681 2.338232159775 -0.483417755367 0.084638981037
4.327738424054 9.494310069576 4.748352111503 -1.056399921956 1.204676066767 -0.005800357896 | -0.011620887390 0.027511700477 0.999553931168 -2.494328593050 -1.010074085831 -0.342065012054
-10.888531081278 -1.096847044460 0.247994949130 -0.893797488420 -1.152623961826 -0.000649656101 | 0.004274019272 0.011739998203 0.999921949555 -1.057942648367 0.390382602556 -0.001010872951
6.012278832708 -3.473549307904 9.819716718057 0.175421602144 -1.411238776928 0.000503535956 | 0.016086013277 0.010455771533 0.999815941570 -0.943228960959 1.452555387585 -0.002945405620
-3.210059836332 0.224002849010 0.969509256938 0.035210468734 -0.619584599472 -0.000145576733 | 0.019370118160 0.024504816019 0.999512037203 -2.210733957478 1.745665127721 0.003973805182
10.056385283268 0.322294708643 5.731746373669 0.229467550028 0.553573680283 0.008917226057 | -0.008957219221 0.012419510615 0.999882755117 -1.114790362335 -0.822066682586 -0.055065852597
-12.297964632003 -4.873828206932 5.787637438539 -0.183218330332 -0.546467695983 0.000388965925 | -0.017000831378 0.014811742091 0.999745759695 -1.336097596942 -1.535203843279 -0.001799438762
-1.178602817206 5.544518676132 -0.523384864323 0.043887987277 -1.006395639860 -0.005173964134 | -0.020976407251 -0.028005881394 0.999387642983 2.532585940033 -1.898792829004 -0.099957751459
-12.282840013462 -11.770321202716 -11.754224251889 -0.954855918422 -1.274543111372 -0.003583898540 | -0.009427054705 -0.030968649627 0.999475899349 2.798319686258 -0.842206892520 0.008097419349
-4.005126330337 -11.258889032514 -5.812238371119 0.169240871896 -1.319484652695 0.000883389945 | -0.019878718760 -0.009539978056 0.999756883127 0.860922549291 -1.791446816806 -0.000522873828
0.553974027490 4.970958702825 -0.574347567825 -0.223543571272 -1.124023672397 -0.000347818819 | -0.022825934368 0.017060751848 0.999593871263 -1.544572431806 -2.063866695681 -0.042898232054
6.671031888340 4.670254391707 -3.038832209598 0.898855116360 -1.655083303760 0.000260036094 | 0.014899607712 -0.000511058380 0.999888864079 0.045326772138 1.341256417045 0.015573824748
11.825560686107 1.176229552256 -12.586452185618 -0.260969655775 -0.144773897981 -0.000315892914 | 0.007417515491 -0.027881354880 0.999583718612 2.517513233968 0.674703179155 -0.009385978643
-7.765049632451 -6.618405882494 -5.092773366051 1.414706408087 0.892750359071 0.001032017212 | 0.001949256621 0.019553270040 0.999806916374 -1.762432307396 0.181751127248 0.013383396343
-5.487903855171 -10.185597191507 -11.977738169440 -0.372906315340 -0.436188328180 0.002229539717 | -0.009761256442 0.005256115922 0.999938543671 -0.477726311418 -0.883010759014 -0.078943921033
12.344233781156 -12.724813715468 -7.140708571151 -0.274257170094 -1.245033200435 0.000298383631 | -0.005751293451 -0.025213962393 0.999665533428 2.275198035421 -0.517222355671 -0.000547587587
4.037836506347 5.396790883497 -11.096436867732 -0.023422824680 0.487431733305 0.000441672018 | -0.006191456117 0.043835889638 0.999019559694 -3.953068374029 -0.553314574828 0.007735032845
-2.194232143919 -4.067662094653 -4.607517671367 -0.041723497238 0.271501950448 0.000033215056 | -0.022742480479 -0.026458438852 0.999391179967 2.390633556151 -2.052181880571 -0.058435070266
-3.605213847115 -1.808580846344 -5.022165554825 0.310705017123 0.122367946392 0.000978589869 | -0.019830686796 -0.009029697663 0.999762576026 0.814416516058 -1.789623063872 -0.066110475879
6.745276376940 8.870882464566 2.252415991420 -1.585802626188 -0.376549645786 0.008631577332 | 0.011431298327 -0.008795607696 0.999895975941 0.802340436405 1.057155792718 0.046240818265
-3.941797806156 11.084434321096 7.727445789270 0.274286382658 -0.614453009872 0.000004232980 | -0.008709819341 -0.037045761928 0.999275612917 3.341344407207 -0.785799191317 -0.028057457904
0.001000000000
