11.889455395746 9.299163061503 0.847537358693 1.017225134584 0.734181840127 -0.147012495949 | 0.419720473766 0.163821768825 0.892746969729 -1.360130915077 5.609438266537 2.100977833943
-3.474912388672 0.596806979130 -10.748897102753 0.576591355793 -0.589648283886 -0.515800704510 | -0.002361446624 0.070319221199 0.997521744475 -0.871482158637 0.041634593574 1.496913964268
9.015340911387 11.066163459376 -2.016142316815 -1.803716796751 -1.035446940458 -1.465667460942 | 0.063590531293 0.234700085329 0.969985625809 -2.931312030335 0.767038497263 -0.445151884505
5.120498024741 -10.450352033064 -1.787649951082 -0.312564626819 -0.177492263324 -0.720967318722 | 0.137832255145 0.061497804833 0.988544530834 -0.419555999040 1.664779113500 2.317972579059
-12.827463968692 9.680489729973 0.331413591431 -0.284297885628 -0.521412504897 0.869454052431 | 0.022045179108 0.488345984630 0.872371600508 -6.266025628473 1.031184665983 1.751983105887
13.520738974717 -6.219167338479 -2.347971011456 -0.071338572106 -0.012689487862 1.654523108632 | 0.017808175994 -0.130348658078 0.991308275061 1.591381582235 0.241158773379 0.117081521995
7.340235581537 -6.388104461713 -1.273598546514 1.578270837718 0.667042914967 -0.212816854104 | 0.139615326574 -0.150090873678 0.978764675611 1.362619863822 2.222222537127 -4.663206207795
-2.734431511592 6.538077670347 3.616501194665 -0.153272035935 -1.947915075670 -0.700571932801 | 0.065005538854 -0.025682271060 0.997554359858 0.247745814433 0.835540221259 -0.953178721240
13.188940129960 -10.581796273758 7.343020458890 0.293057859427 1.060005976296 -1.278260790688 | 0.168449183054 -0.100731787127 0.980549835445 1.068995142606 2.253260681050 -1.071584589546
1.596189217915 -3.640144439118 -8.877162023829 1.205146419117 0.511900260836 0.700496531858 | 0.116007457285 -0.205745575921 0.971705216536 2.438762572130 1.716091821631 -1.640321528777
-3.927218670712 4.477680982797 4.024609105496 0.418287475384 -0.622106852596 1.260812944773 | 0.065783543894 -0.179633826693 0.981531565290 2.431792791773 0.276754929401 3.972398241799
-8.028116342813 7.562908514555 -3.089167040978 1.774029220599 -0.523619590134 1.120648772908 | 0.053770302864 0.234242808181 0.970689992400 -3.010987068259 0.515412515682 -0.991993255308
3.074504996357 -1.689929565407 -9.311545323263 -0.039252338252 1.368115027228 1.772907850886 | 0.181518690641 -0.025776841920 0.983049601683 -0.279155902700 2.353815778674 -4.315163701932
13.038945927276 3.874393812630 -7.767786799736 0.544996883307 -0.376413977422 1.144843055799 | 0.186588595193 -0.109834208289 0.976279234048 1.818033137748 2.040383126831 3.267001535093
-1.168174901791 8.600946873699 7.315928265991 0.344601246089 1.501802977323 -0.964914886707 | 0.036890528550 -0.130804592751 0.990721579163 1.472051663221 0.326940407778 -4.534935325570
-8.320910908813 6.888431584371 3.524054446731 -0.157191108364 -0.140838491911 -0.090068645459 | 0.279012281925 -0.172963591089 0.944582311232 2.452385048139 3.295379389974 1.267992902273
3.476394677312 -10.183325705043 -3.946577442272 1.324341558678 -0.693349524162 -1.127692692681 | 0.158176858991 0.184483210858 0.970023724551 -1.997793661415 2.209686282043 2.108771334624
0.912449329852 9.566649281973 -8.548483490684 0.223113357673 -1.382305080541 0.038482708443 | 0.022228284019 -0.027262704189 0.999381132677 0.374654473872 0.174063205911 4.354194349314
2.316700851796 -10.740739230992 -0.914125644652 -0.450800816351 1.128818554814 0.828845863468 | 0.089541244194 -0.044631469395 0.994982611671 0.214306084752 1.360685692128 -4.720217103968
10.895709732167 0.712213286892 -1.559049933859 1.100357104552 0.873607510944 1.376147819116 | -0.107752571437 0.186466311796 0.976534534932 -2.469697909290 -1.065373910986 1.935128226877
-4.489476072074 -12.233573282129 -12.342532388031 -1.531090064250 -1.126468788906 0.073389637362 | -0.245712730876 -0.015827246574 0.969213470888 0.523514623573 -3.028396585154 -1.852636135462
12.842808079477 -10.812086573085 2.176414197549 0.433748935734 -1.397994169891 0.671400511281 | -0.181742500923 -0.180245868844 0.966685621142 1.988356444702 -2.341105245935 1.311867094986
7.413457998716 -5.632237310660 3.701560691707 0.525590334049 0.163120027123 -0.977121531394 | 0.039078645670 -0.022830029517 0.998975299597 0.409667430400 0.369223561033 3.127557101805
-1.259445288624 11.771247905184 -2.948968063857 -0.355440952955 1.472567659989 -0.705711452421 | 0.010813262636 0.007442669626 0.999913836298 -0.088180118236 0.188751932933 0.704453651866
11.131000258267 -2.336117740258 -8.726649679446 0.483979596742 2.157463216527 -1.502090411784 | 0.094441407709 0.106250970327 0.989844205830 -1.442087074602 1.015282963089 -1.758766348732
-0.056852535158 -1.751197868652 8.803599401825 -0.020370088315 -0.061650013449 0.086159527471 | -0.022809995300 -0.005252152161 0.999726021974 0.139289640800 -0.538408786635 -0.759728518825
-1.707160840395 -10.848422501794 6.230630864959 0.021171060586 0.014332164679 0.002776276291 | -0.000592552876 0.000793860107 0.999999509333 -0.019220485588 -0.014088947167 -0.228687511364
-12.132409547933 -0.994166723843 3.921515392029 -2.063488829284 -2.053341249998 0.021630577496 | -0.081732391244 0.073938680337 0.993907886965 -0.889214828090 -0.948197689298 -0.087977383314
-0.858397170232 7.303232859099 8.064379842125 1.623121653071 -0.115943719367 0.162985948540 | 0.179173215320 -0.347295407296 0.920479689609 4.166136404754 2.486625584031 -1.987581889908
-10.369448013713 8.204795001690 -2.965426289108 -0.528534037961 -1.021521393532 -0.033273792386 | -0.029230710518 -0.202985748283 0.978745294526 2.561129100371 -0.291352992780 0.611693557570
4.239026301884 9.579931028390 4.745415127956 -1.351674292383 1.137037529460 -0.085185038309 | -0.058217962751 0.216069744519 0.974640720633 -2.563744531912 -0.755227853129 -2.318256392729
-10.953871245026 -1.182019637080 0.247782494962 -0.904797988501 -1.193150480174 -0.005255498119 | 0.035519409617 0.090013778154 0.995306933203 -1.101171275277 0.470873196864 0.011002993861
6.025076056111 -3.577788964174 9.819865840262 0.176839695921 -1.458648786308 0.003518464746 | 0.124638655979 0.080505944749 0.988930734832 -0.997693937190 1.546319097152 -0.030696392805
-3.207436926660 0.177843876857 0.969445945062 0.036737077066 -0.651369402135 -0.001781009931 | 0.147090945188 0.187692444681 0.971151790429 -2.330280240758 1.814290173936 0.025963407539
10.073154075939 0.360421121207 5.734800339298 0.236276111069 0.494671957889 0.078054924095 | -0.075671156474 0.093031369517 0.992783481109 -1.078896920475 -1.050355734498 -0.432454039163
-12.311204517245 -4.914418425403 5.787771512970 -0.180538477925 -0.570885347026 0.003487320794 | -0.131506934651 0.113871543629 0.984753368966 -1.405841646845 -1.637032603003 -0.012967717518
-1.164324435765 5.466917485835 -0.524959833605 0.354457151950 -1.131110875438 -0.037979647787 | -0.164199258350 -0.215043173575 0.962701946116 2.806565659134 -1.927807075068 -0.724794654574
-12.353988912378 -11.864537884424 -11.755368540340 -1.003897283802 -1.319224919586 -0.028147609874 | -0.067250023801 -0.239266989135 0.968622084308 3.002514301270 -0.781702251333 0.063855751513
-3.992876989027 -11.356540819897 -5.811931415393 0.168306985267 -1.368896383998 0.007882569180 | -0.151914163099 -0.073524449265 0.985655235065 0.909887739473 -1.864836091633 0.004138043224
0.529358245998 4.892267191482 -0.574206245885 -0.461371575929 -1.040792405769 0.006987243911 | -0.176557755230 0.134355070212 0.975077470859 -1.652162950033 -2.253396669204 -0.354314423639
6.737415999423 4.547599311755 -3.038745013248 0.928960954360 -1.721821246180 0.002195068422 | 0.113300995474 -0.003303430563 0.993555218280 0.042276616702 1.374117684406 0.097935412236
11.805737840877 1.165620733531 -12.586590400344 -0.284088390279 -0.148173364280 -0.003797085187 | 0.059183197334 -0.214665474767 0.974892857240 2.665919488154 0.779864078650 -0.102310927383
-7.660524629388 -6.552246250369 -5.092456364043 1.463211861418 0.928855943311 0.007632907976 | 0.018003716236 0.149798871592 0.988552560197 -1.838235696656 0.279050740990 0.119497632342
-5.517920796150 -10.218461013814 -11.977190761454 -0.453692179779 -0.468918782432 0.011035099439 | -0.075805358884 0.043426243927 0.996176545048 -0.533684150151 -0.955832342047 -0.599135889572
12.323775823829 -12.817019080058 -7.140584811375 -0.288854769128 -1.293255845024 0.003436613468 | -0.043194693197 -0.193952335450 0.980059544136 2.407305774438 -0.522395828548 0.010141327267
4.035551004796 5.432921743990 -11.096286931453 -0.039542298310 0.507098551489 0.003830994918 | -0.044467518789 0.331109633470 0.942543924916 -4.139442516598 -0.506608074151 0.056072633817
-2.196394534797 -4.046254983748 -4.607384047058 -0.018392113770 0.319306793903 0.005012459492 | -0.175415341677 -0.202861060620 0.963367452216 2.609418584087 -2.130032085566 -0.422594576428
-3.583292644303 -1.800935875986 -5.021962238094 0.293277920413 0.086995604680 0.003488977831 | -0.153283945710 -0.068299246611 0.985819073106 0.903431755899 -1.869528186353 -0.516460962633
6.628580313248 8.841715381084 2.255123620022 -1.625588445046 -0.428443959248 0.065761266026 | 0.102484831387 -0.072253177625 0.992107019257 0.984742714110 1.427544068880 0.359723941820
-3.921595143978 11.038158007579 7.727436330637 0.282951048852 -0.660667949338 -0.000463944430 | -0.067678213315 -0.281452554499 0.957185519640 3.515928834390 -0.808748909840 -0.224155629614
0.001000000000
