11.841942823653 9.263750946647 0.854563877283 0.926385998759 0.712994822539 -0.138368955623 | 0.180081695475 0.064677837422 0.981522980017 -1.562842111675 5.302933948406 2.198068616803
-3.502885321060 0.625279779233 -10.724022788285 0.567379523319 -0.574705472381 -0.501369200834 | -0.000314261278 0.028854680726 0.999583567612 -0.830295303116 0.020300817635 1.450890695424
9.100771347981 11.115320520561 -1.945787212058 -1.690123974819 -0.978422800665 -1.411422435368 | 0.025088697812 0.097577819518 0.994911617371 -2.795474042169 0.748362098818 0.095335309747
5.135050761239 -10.441362899922 -1.752788617332 -0.280357857568 -0.190415721813 -0.701924438013 | 0.060355532364 0.025543365376 0.997850061982 -0.590692535077 1.724594876189 2.361254771941
-12.815192624746 9.705457652057 0.289481028385 -0.218421901904 -0.498960279158 0.844037693275 | 0.013345556132 0.207416544302 0.978161680542 -5.986545910432 0.724370447613 1.963457729439
13.526141304037 -6.218232932401 -2.428303078028 -0.150539758166 -0.024682376089 1.629543962238 | 0.006562757918 -0.054014950487 0.998518560334 1.546988082117 0.194602391868 0.192640158999
7.265142489363 -6.419943185167 -1.262728799201 1.491747054274 0.635844056287 -0.230025572047 | 0.061958616015 -0.058579914565 0.996358130148 1.469312166439 1.969342317704 -4.633930257193
-2.727085390472 6.630954833233 3.650348001993 -0.147116730739 -1.851571822305 -0.683356119898 | 0.026716502687 -0.010686734634 0.999585925365 0.269977473206 0.777158652267 -1.290496036286
13.172114197445 -10.633262499525 7.409717845209 0.405963892964 1.034987426561 -1.458618332591 | 0.068352276778 -0.042230859738 0.996767034339 1.106355717656 2.038964597595 -1.101438282031
1.537602524655 -3.664202948390 -8.910830426391 1.189535683845 0.469700847517 0.677201263607 | 0.049516610920 -0.083647642063 0.995264375541 2.343590234361 1.549111876667 -1.867798478510
-3.948015848494 4.508536813234 3.963799347182 0.432485694276 -0.638379941499 1.225525104736 | 0.023603213319 -0.075113857307 0.996895579668 2.228567999297 0.476403626031 3.593671319171
-8.114067678829 7.587608906371 -3.142759340431 1.739645018476 -0.486660351116 1.070917625701 | 0.020869376808 0.095855097973 0.995176501584 -2.797457504161 0.566995161699 -0.573733435742
3.076988426210 -1.756591526088 -9.396853923571 -0.060430268802 1.359672734389 1.714513566663 | 0.074819212057 -0.006579732986 0.997175407148 -0.064551999131 2.186200975219 -4.520026010164
13.012868938037 3.892633540467 -7.822934716670 0.521903592105 -0.369730715291 1.110485521242 | 0.075360416435 -0.048608970463 0.995970870872 1.571944492539 2.049431519920 3.136127079735
-1.193079887734 8.531332832958 7.360892965441 0.659917359530 1.330818016690 -0.861688177126 | 0.027710491877 -0.053393793416 0.998188975828 1.457037756648 0.731262273159 -2.895623534291
-8.313194128350 6.895082556782 3.528455271096 -0.158655181538 -0.131177322940 -0.089868743971 | 0.115797294514 -0.073954318785 0.990515898568 2.248976481711 3.249456831392 1.339957353990
3.412177886197 -10.150235531424 -3.891895325406 1.298796878866 -0.660013814699 -1.110597417614 | 0.068454971752 0.075474931719 0.994795180690 -2.047765831756 2.070844584732 2.081967526116
0.900778300205 9.633726806090 -8.550185931626 0.255627979937 -1.359702878793 0.030731469345 | 0.008690772624 -0.012262559492 0.999887043673 0.371437791070 0.204886369116 4.469140704887
2.338993424084 -10.795055647657 -0.954531421906 -0.460232070264 1.092838229339 0.822994706775 | 0.035747493697 -0.016832594729 0.999219085311 0.345313577053 1.128757698636 -4.584513458656
10.842829981763 0.670038447607 -1.625107659208 1.062221928204 0.850717265899 1.325250833514 | -0.042599576978 0.078172457357 0.996029288200 -2.308249866241 -1.114542724328 1.915536415810
-4.414778299851 -12.179446229771 -12.346050506046 -1.523167735831 -1.087500329817 0.071747683848 | -0.101666942043 -0.009087618817 0.994776984092 0.346210846547 -2.916294740283 -1.285399046772
12.822593085118 -10.745283768474 2.142897243558 0.390745585414 -1.335592034552 0.697148961325 | -0.078576034622 -0.074573650991 0.994114971903 2.032521838099 -2.311936424134 1.553887692386
7.387569245061 -5.640098265384 3.748373955351 0.532821260003 0.158819663117 -0.937202414467 | 0.016930581096 -0.009303584739 0.999813381954 0.319503501288 0.438605945947 3.068712338419
-1.241832318186 11.700368446697 -2.914992189671 -0.365207747517 1.426205648524 -0.683771458594 | 0.003312513748 0.002987941501 0.999990049680 -0.085119912869 0.122088138496 0.525122734401
11.107700631827 -2.439784412020 -8.654364132156 0.468232359365 2.081881809975 -1.454051161442 | 0.038112547355 0.044503231715 0.998281972241 -1.332869856306 1.031264674957 -1.809861032000
-0.056068788349 -1.749060898007 8.800701089714 -0.010389629475 -0.025571641975 0.033621253854 | -0.003982069554 -0.000927853181 0.999991641070 0.054083739386 -0.226160564182 -0.318085904613
-1.707892032190 -10.848905341179 6.230541638001 0.008734422477 0.005584896042 0.000968666356 | -0.000105448356 0.000135165809 0.999999985305 -0.007733463697 -0.005960295798 -0.090179695354
-12.033266549145 -0.895167970775 3.920796264579 -1.990894321065 -1.995137962295 0.008138638642 | -0.034865590696 0.030727042082 0.998919536034 -0.875123452269 -0.979329185884 -0.038501763191
-0.927966556841 7.306643953954 8.057971941148 1.235076386480 -0.008650729548 0.087262734715 | 0.082912377370 -0.143317366234 0.986197581732 4.116089941885 2.376471811693 -0.697872768162
-10.343548724613 8.253731411685 -2.964195402256 -0.528279516915 -0.978618226909 -0.016147233899 | -0.015927024161 -0.082588705109 0.996456439434 2.396308392517 -0.402011591121 0.262120893302
4.300992487940 9.522983607134 4.748002020721 -1.168033805634 1.183765054539 -0.024716705662 | -0.033010561502 0.088310336333 0.995545874044 -2.541299791977 -0.871617402206 -1.033869539264
-10.909950381888 -1.124560127945 0.247962024248 -0.891135577312 -1.156931301166 -0.002103616521 | 0.013930742002 0.037192371740 0.999211019711 -1.064495955850 0.414623657222 -0.000742431525
6.016479736830 -3.507481157021 9.819741368481 0.174655822193 -1.416466108379 0.001538934076 | 0.051164993307 0.033184210167 0.998138743690 -0.953576688251 1.473614261466 -0.010392058988
-3.209209446600 0.209063699482 0.969501102119 0.035627695560 -0.625375045100 -0.000554984529 | 0.061267954737 0.077710341213 0.995091624219 -2.233858707777 1.755773665734 0.012091419083
10.061864386882 0.335315502941 5.732203578330 0.227463803150 0.531353582522 0.029473757046 | -0.029416867463 0.039045284060 0.998804342052 -1.100268967840 -0.890897292834 -0.176225727807
-12.302342517880 -4.886992584635 5.787657308324 -0.181525898149 -0.550568111563 0.001280002620 | -0.054059420516 0.046996750235 0.997431142747 -1.349646027578 -1.557809199268 -0.005488813072
-1.176381576063 5.519975037560 -0.523639731576 0.141512251722 -1.039045130033 -0.015994498073 | -0.067133986974 -0.089020703508 0.993764731785 2.590551319597 -1.928026947516 -0.313081623370
-12.305865750903 -11.800975235394 -11.754403988117 -0.963977213640 -1.279984982675 -0.011411085422 | -0.029236049126 -0.098523114099 0.994705207295 2.845967028603 -0.815705793863 0.026026081681
-4.001085746948 -11.290635890721 -5.812192805059 0.167513159904 -1.326116974472 0.002947964852 | -0.062944107292 -0.030295217102 0.997557135796 0.871166556586 -1.802454099699 -0.000599799496
0.547759133690 4.944388884364 -0.574352744383 -0.294887631859 -1.089952896040 0.000219929458 | -0.072665400015 0.054599064068 0.995860774327 -1.579335361649 -2.106439787972 -0.141780586466
6.692642163174 4.630416078064 -3.038818944575 0.902052042435 -1.664834287271 0.000851693928 | 0.047086040096 -0.001542216526 0.998889646756 0.042989984568 1.342926748289 0.046471450716
11.819223405172 1.172762324710 -12.586470155029 -0.267068617956 -0.144260738023 -0.001229251233 | 0.023900753859 -0.088587403905 0.995781615533 2.551530367972 0.704626197220 -0.034384584345
-7.731032147093 -6.596917700337 -5.092722248309 1.420151748253 0.897971390468 0.003217615070 | 0.006609654135 0.061951464394 0.998057277180 -1.774684721349 0.209962561420 0.044769442308
-5.497135024731 -10.196154142874 -11.977634124070 -0.396388066206 -0.443546140438 0.006255800550 | -0.031120465960 0.017039396649 0.999370389575 -0.496812833814 -0.901712246128 -0.248564035081
12.337617185180 -12.754776810280 -7.140692199438 -0.277116452541 -1.251907276161 0.001101632659 | -0.018120915006 -0.080034279574 0.996627386004 2.301761290340 -0.515407654422 0.000191791355
4.037213654631 5.408525422215 -11.096414329819 -0.028479985651 0.490444144563 0.001449177591 | -0.019236010759 0.138614900216 0.990159525192 -3.984792367594 -0.535683337431 0.024024182478
-2.195133808875 -4.060995271350 -4.607509992783 -0.033463300305 0.284193811282 0.000754382190 | -0.072264646373 -0.084016267426 0.993840574586 2.435226761296 -2.071858557341 -0.181926927781
-3.597855910708 -1.805783568084 -5.022121854837 0.302502290087 0.110662204364 0.002536577514 | -0.063028117800 -0.028528079330 0.997603931957 0.826893000844 -1.808635573089 -0.210426069422
6.707185319538 8.861692245828 2.252846910457 -1.588300080452 -0.389474711712 0.027262802459 | 0.038281100594 -0.028551239410 0.998859041139 0.851165754901 1.177187824899 0.146485144295
-3.935213707915 11.069569792866 7.727445654731 0.274481145798 -0.624374688545 -0.000027431936 | -0.027707834264 -0.117280378571 0.992712238628 3.372445807480 -0.792519826840 -0.090662526829
0.001000000000
