11.875413974677 9.288933110192 0.849585908827 0.988888846237 0.727256974926 -0.145477410526 | 0.353357299565 0.134703523731 0.925739477142 -1.411499055761 5.508020296347 2.135959275832
-3.482957442473 0.605023483409 -10.741712208415 0.572779458881 -0.584212592500 -0.510675747502 | -0.001562293437 0.058284441098 0.998298794533 -0.857354186340 0.035760531342 1.480439052592
9.040339007356 11.080512015590 -1.995752847954 -1.767639872499 -1.014821706332 -1.447288165112 | 0.051997411531 0.195359065799 0.979352390411 -2.879018780684 0.768837330102 -0.284553072011
5.124815458078 -10.447846053525 -1.777591417542 -0.304086371681 -0.180584367503 -0.715805375240 | 0.116481853722 0.051218777992 0.991871269134 -0.467390522572 1.679538280155 2.322551951987
-12.823623951203 9.687740264573 0.319298084541 -0.264394679280 -0.514383440276 0.861303792765 | 0.020865686104 0.410122668636 0.911791653731 -6.167967534199 0.953192255730 1.817746263518
13.521890031392 -6.218961920676 -2.371064783758 -0.093182707500 -0.016591244229 1.644712669193 | 0.014347289051 -0.108371748952 0.994006901045 1.575565838432 0.226551314567 0.137313267026
7.318331651684 -6.397366590628 -1.270580191934 1.550980033655 0.656275375228 -0.218285092590 | 0.118511996261 -0.122775902665 0.985332930774 1.387126510335 2.140698075797 -4.644884169504
-2.732300247473 6.565120346970 3.626265472096 -0.151217525064 -1.915694949532 -0.694391417687 | 0.053817076025 -0.021371770423 0.998322077166 0.250622068822 0.813887011268 -1.051661760382
13.184668292815 -10.596612220797 7.361212190608 0.318053995172 1.056192628297 -1.321432807595 | 0.139267952209 -0.083713326423 0.986709945458 1.065774122422 2.187389994587 -1.089544770112
1.579360949097 -3.647230290255 -8.886908003288 1.198964774706 0.500236216615 0.691936907752 | 0.097282627993 -0.170179944090 0.980599243789 2.401348323056 1.666985758653 -1.703047693560
-3.933095190379 4.486420282210 4.007044869806 0.421301476944 -0.626324178079 1.248485265791 | 0.052512338580 -0.149832250943 0.987315932655 2.363683756807 0.337325206982 3.859007267416
-8.052863217887 7.570156836503 -3.104740247442 1.761383388127 -0.511931651629 1.104240345882 | 0.043782723166 0.194229209116 0.979978615827 -2.943261013521 0.534301195657 -0.881035879292
3.075105045318 -1.709037295108 -9.336228689640 -0.046333995313 1.361889686356 1.753422806843 | 0.150774340891 -0.019119542053 0.988383296723 -0.218965687066 2.299059434403 -4.367669389369
13.031372680378 3.879643269758 -7.783728314639 0.537007995473 -0.373586560846 1.132676936502 | 0.154012802183 -0.093167971613 0.983666501325 1.739731267957 2.035871714165 3.223114837898
-1.173697572688 8.580241514412 7.329284306977 0.442884781799 1.456639023935 -0.941658747622 | 0.038613596863 -0.108174456211 0.993381737884 1.457703819237 0.454371225134 -4.023325768729
-8.318711005297 6.890381816691 3.525313803248 -0.157123395531 -0.137785441207 -0.089848636784 | 0.232330876672 -0.145234307781 0.961732478181 2.388198112314 3.273452394404 1.287291902226
3.457910634185 -10.173696064493 -3.930851703735 1.316181281642 -0.682389163541 -1.119198639670 | 0.133295317326 0.152876599748 0.979214534016 -2.006063147692 2.164900722673 2.095779727575
0.909271533381 9.585940661634 -8.549008202580 0.231016471843 -1.373711497123 0.036446718654 | 0.018196015427 -0.023255936694 0.999563938141 0.374505985719 0.181429050931 4.385006750499
2.323027079735 -10.756451890460 -0.925707786265 -0.452952409205 1.116027041219 0.825816615876 | 0.073710431829 -0.036032550484 0.996628530369 0.249603121932 1.290700669894 -4.674141025325
10.880397769755 0.700039654979 -1.578193760463 1.087212948916 0.865561099442 1.358860976302 | -0.088426373353 0.155593894275 0.983855333146 -2.416569628150 -1.076551137216 1.930975536495
-4.468077345790 -12.217899432214 -12.343549238256 -1.526026370688 -1.112820555107 0.071992389669 | -0.204299720885 -0.014727320020 0.978797594036 0.459057864501 -2.989429946396 -1.689845984655
12.836816736155 -10.792668743200 2.166962815309 0.422000419090 -1.376314313078 0.678693505871 | -0.153048192847 -0.149983663093 0.976770777343 1.995398732288 -2.334433210937 1.387703138538
7.406091864516 -5.634507669653 3.715146414914 0.526762172238 0.161276767540 -0.963816729092 | 0.032877739480 -0.018862037592 0.999281380685 0.382383031697 0.387496837917 3.106683634263
-1.254456770324 11.750747552522 -2.939142729966 -0.357278643407 1.456259466358 -0.698000889242 | 0.008360139019 0.006123399907 0.999946304583 -0.087269371868 0.170782275026 0.653595077917
11.124260282597 -2.366139240704 -8.705739156457 0.478887280603 2.131594865385 -1.485325493007 | 0.077932860535 0.088603733973 0.993013518324 -1.407197553987 1.017220604086 -1.766337064244
-0.056580850362 -1.750406647465 8.802505738126 -0.018313304250 -0.051363966739 0.070213354633 | -0.015851270895 -0.003673642632 0.999867612017 0.113405784741 -0.449552778496 -0.633471159913
-1.707432096374 -10.848604632647 6.230596128411 0.017582505258 0.011703812340 0.002195352256 | -0.000413698806 0.000547212759 0.999999764706 -0.015821646547 -0.011745538805 -0.187210993299
-12.103696573750 -0.965566892707 3.921241539884 -2.038633352082 -2.032613524749 0.017522795159 | -0.068547260008 0.061509109362 0.995749919714 -0.883431537892 -0.956181766646 -0.074363475953
-0.880251815450 7.304687524054 8.062185886039 1.500616801589 -0.092160847236 0.148937041510 | 0.155050304333 -0.288625605174 0.944804034265 4.170981195980 2.426983678860 -1.574993099419
-10.362045869158 8.219000638975 -2.964990898362 -0.528800895075 -1.007897881890 -0.028866560762 | -0.026524824920 -0.167916282186 0.985444344364 2.508007222015 -0.315943202222 0.512931414145
4.257631263489 9.563896600927 4.746466622123 -1.305254288920 1.153046920844 -0.065335204233 | -0.053761649090 0.179252931099 0.982332973986 -2.563658792490 -0.765833425296 -1.964730588380
-10.941244091177 -1.165407235878 0.247849639347 -0.899184999288 -1.180228793800 -0.004337649548 | 0.029082746591 0.074749372652 0.996778172483 -1.087754399811 0.453777722139 0.006038052796
6.022607086562 -3.557473591513 9.819820433191 0.175888755331 -1.443729207927 0.002966555809 | 0.103335051957 0.066821759371 0.992399475772 -0.982090039120 1.521766473543 -0.024152916405
-3.207949067293 0.186901236732 0.969468021818 0.036420784794 -0.642626619270 -0.001379343398 | 0.122514106688 0.156048284349 0.980122046795 -2.296371160012 1.792787554171 0.022447422179
10.069877823194 0.353426932793 5.733812157104 0.231987905736 0.504515023582 0.063234668131 | -0.061861896037 0.077598867616 0.995063576644 -1.084232305239 -1.002581850694 -0.358276315651
-12.308676100714 -4.906474605018 5.787727643396 -0.180661165135 -0.564010138186 0.002789677870 | -0.109086669543 0.094559303085 0.989524449788 -1.386169321549 -1.610192598416 -0.010763846001
-1.168841500954 5.482550489015 -0.524472607286 0.291190585542 -1.102350620122 -0.031633931094 | -0.136139460815 -0.178902634214 0.974402326906 2.732162953478 -1.936131427732 -0.611583084416
-12.340028639827 -11.846166162653 -11.755008849247 -0.990549503210 -1.305465530224 -0.023250677671 | -0.056724705679 -0.198648396031 0.978427883147 2.950176584278 -0.789055003102 0.052948873824
-3.995228549127 -11.337481595737 -5.812031127450 0.167662289344 -1.354016917628 0.006374457719 | -0.126285526523 -0.061026382624 0.990115016760 0.896614101096 -1.841886311296 0.002077221329
0.535459002507 4.906924046779 -0.574284663053 -0.410600341272 -1.053130281242 0.004309031294 | -0.146576968063 0.111111219175 0.982939209416 -1.631585482555 -2.203186472431 -0.293855955759
6.724478265871 4.571565630370 -3.038772921246 0.919407413898 -1.702154272644 0.001793806264 | 0.094252392305 -0.002849968993 0.995544255280 0.042034828357 1.361655668978 0.084836368184
11.809678438835 1.167683275541 -12.586542886705 -0.278864182263 -0.146525367708 -0.002996447927 | 0.048909851243 -0.178323145548 0.982755657431 2.627714425812 0.756375091554 -0.080930820521
-7.680901668616 -6.565174551424 -5.092554403726 1.447982913002 0.918166581769 0.006372412502 | 0.014492890067 0.124448851084 0.992120173972 -1.815171441604 0.257584878250 0.096692148287
-5.511690504847 -10.211955235212 -11.977339694419 -0.436411999879 -0.460573024755 0.010169953157 | -0.062893141595 0.035513836605 0.997388199324 -0.523630436724 -0.938354984190 -0.497681479156
12.327792307650 -12.799014487409 -7.140627507513 -0.284962332482 -1.278979772217 0.002675001473 | -0.036048038705 -0.161065924942 0.986285104180 2.370584458982 -0.518976059068 0.006124364285
4.036081772870 5.425862569657 -11.096335408478 -0.036290478878 0.501408787186 0.003100921722 | -0.037446648081 0.276364127376 0.960323183958 -4.083686483273 -0.514227133282 0.047049757674
-2.196108804099 -4.050646863796 -4.607442665544 -0.022458810971 0.308212104193 0.003412418929 | -0.145620735479 -0.168748443602 0.974842840760 2.548632651862 -2.111536614110 -0.355473853346
-3.587411341171 -1.802202700789 -5.022011550233 0.295168807315 0.093934185727 0.003515983964 | -0.127146156680 -0.056936867483 0.990248477890 0.874418352806 -1.849523792059 -0.427092514662
6.651242366358 8.847624461674 2.254280309222 -1.612026501654 -0.415857985523 0.054711168008 | 0.082825245130 -0.059286526940 0.994799018140 0.941689251476 1.355615713014 0.297004008234
-3.925532683725 11.047322654795 7.727441369992 0.279641673496 -0.648694515707 -0.000267568453 | -0.056051557302 -0.234530154015 0.970491540294 3.464577667171 -0.804041144286 -0.185644929162
0.001000000000
