11.864653770450 9.280962082020 0.851176647573 0.967864070123 0.722206917839 -0.143693545205 | 0.299888055355 0.112213706663 0.947351697255 -1.455679365488 5.436205685126 2.159275549675
-3.489243706503 0.611428449042 -10.736115115871 0.570364803891 -0.580514489014 -0.507140211880 | -0.001059557075 0.048942907468 0.998801015792 -0.847612468024 0.031043455690 1.469421242111
9.059633360328 11.091596181524 -1.979906988199 -1.740999381617 -1.001000099244 -1.434241597621 | 0.043255916381 0.164548405979 0.985420086962 -2.845788017100 0.765997208019 -0.161762226573
5.128121523011 -10.445844673252 -1.769742087801 -0.297004266426 -0.183382094995 -0.711433305566 | 0.099272039058 0.043143798663 0.994124577152 -0.505582743222 1.692767289869 2.331044060840
-12.820799043164 9.693368820497 0.309858368500 -0.249356051441 -0.509121566024 0.855216009502 | 0.019178805250 0.347301407575 0.937557414629 -6.101407395099 0.886161487955 1.866510153158
13.523011236280 -6.218763826091 -2.389118537863 -0.110751692384 -0.019389542882 1.638266728722 | 0.011767678237 -0.091209106015 0.995762231021 1.564967097591 0.215835648905 0.153877112024
7.301384685960 -6.404542920426 -1.268157086700 1.530740989485 0.648768018358 -0.222269204979 | 0.101313627993 -0.101974996948 0.989614393984 1.409734197197 2.082198006488 -4.636314883427
-2.730645145780 6.586063134945 3.633879189238 -0.149758164918 -1.892772976681 -0.690133583405 | 0.045192504162 -0.018003983105 0.998816046207 0.254937418645 0.799805648185 -1.127922631664
13.181043992837 -10.608206383508 7.375953614719 0.341556991360 1.051750243157 -1.359720611281 | 0.116674653298 -0.070562992214 0.990660329986 1.070174761706 2.138485043559 -1.099748107810
1.566196356503 -3.652680556439 -8.894486112818 1.194928586485 0.490766986759 0.686166299661 | 0.082423517661 -0.142624441358 0.986339004837 2.377686358388 1.629346570584 -1.753890212913
-3.937744644699 4.493328031703 3.993360987913 0.424205992045 -0.629763605348 1.239874255526 | 0.042793969299 -0.126374360102 0.991059129064 2.316014050694 0.382793181941 3.772945727361
-8.072188503789 7.575739683905 -3.116820044115 1.752815347307 -0.503304713772 1.092441309553 | 0.036290490202 0.163040039649 0.985951796891 -2.893983040409 0.546965311272 -0.789241852565
3.075642640221 -1.723999111021 -9.355436715170 -0.051333711990 1.358969302167 1.739451985408 | 0.126760273705 -0.014545155996 0.991826734590 -0.171168956211 2.259935074414 -4.412577166859
13.025497306865 3.883742403846 -7.796139579296 0.531440822789 -0.371845249600 1.124288332939 | 0.128879944425 -0.079598175376 0.988460464764 1.682952549079 2.036371925888 3.192325626417
-1.178966428976 8.564405549834 7.339518424232 0.514475973772 1.422484843517 -0.918750854026 | 0.037334422828 -0.090683653881 0.995179690202 1.447512643599 0.546037616735 -3.646180171616
-8.316981924362 6.891884802461 3.526301468523 -0.157319674971 -0.135530390925 -0.089754420818 | 0.195650945945 -0.123118908140 0.972914406209 2.341361551186 3.261266851206 1.303206641687
3.443467652056 -10.166234739910 -3.918569149623 1.310092937321 -0.674439822771 -1.114468207595 | 0.113312350579 0.128310223026 0.985239462199 -2.016116550323 2.133067424791 2.088817436556
0.906692855481 9.601017866065 -8.549399781649 0.237985189948 -1.367990969528 0.034740380216 | 0.015119886849 -0.019945950611 0.999686724967 0.373971694407 0.188048588348 4.410691156031
2.328019493134 -10.768677703023 -0.934780951159 -0.454874772521 1.107230304954 0.824091514588 | 0.061526778263 -0.029673492587 0.997664241814 0.278469499135 1.237829609251 -4.642013460976
10.868491107939 0.690550734326 -1.593071525671 1.077990616606 0.859957170483 1.346626786169 | -0.073647187290 0.131302757634 0.988602891783 -2.378851475978 -1.087006760190 1.926872938865
-4.451308148154 -12.205712744128 -12.344337493239 -1.523388818059 -1.103322150570 0.071414618677 | -0.171902604060 -0.013374203096 0.985023159834 0.416259830872 -2.962860532320 -1.562339050698
12.832227914713 -10.777614939138 2.159466851761 0.412352276981 -1.361275086769 0.684320106888 | -0.130061768518 -0.126220719504 0.983438999805 2.004084271696 -2.327971737340 1.443433551023
7.400290912540 -5.636275106173 3.725694349324 0.528112881711 0.160151271801 -0.954297537057 | 0.027944037087 -0.015809222171 0.999484466756 0.361819788839 0.402714411422 3.092584024366
-1.250516887771 11.734793500861 -2.931495413314 -0.359198075761 1.444958111519 -0.692648561675 | 0.006601104693 0.005115294162 0.999965128983 -0.086559259837 0.156095863294 0.613498236732
11.119013741696 -2.389482746981 -8.689467456915 0.475153412727 2.113365769724 -1.473649028645 | 0.065203799131 0.074749692941 0.995068313225 -1.381993830808 1.020183236170 -1.776237548234
-0.056390673159 -1.749886313696 8.801799668813 -0.016200474008 -0.043248300864 0.058252491334 | -0.011271336897 -0.002620867042 0.999933041769 0.093996014185 -0.379545165828 -0.534361797086
-1.707610070936 -10.848722361271 6.230574310926 0.014782224038 0.009713928573 0.001777160425 | -0.000295398291 0.000386848972 0.999999881544 -0.013223834368 -0.009925854700 -0.155772481192
-12.081371472637 -0.943290244609 3.921065894572 -2.021135328493 -2.018343117548 0.014436274555 | -0.058073705136 0.051798639634 0.996967575051 -0.879912080446 -0.962963553860 -0.063373671388
-0.896262575300 7.305600419066 8.060634143955 1.411632037206 -0.073200653200 0.132623253329 | 0.133956947939 -0.242700064124 0.960808105176 4.156020778381 2.395616526003 -1.275757828475
-10.356229610018 8.230030590732 -2.964693593665 -0.528756542958 -0.997818351107 -0.025154329397 | -0.023775731436 -0.140747406941 0.989760012343 2.469797791961 -0.339132923927 0.434831861542
4.271771383448 9.551153358471 4.747105845253 -1.265394218793 1.163860818968 -0.051105946031 | -0.048673234091 0.150458766083 0.987417376793 -2.560955766623 -0.786896990137 -1.680078884164
-10.931374275660 -1.152475713656 0.247893418720 -0.895609078896 -1.171354474004 -0.003624299333 | 0.024178959707 0.062865425698 0.997729079540 -1.078896692927 0.440979505703 0.003057047328
6.020675855805 -3.541651854081 9.819790219457 0.175298641955 -1.433413365614 0.002526227628 | 0.086784059843 0.056170175735 0.994642367042 -0.971563759549 1.504658059964 -0.019438819204
-3.208348268405 0.193934780663 0.969481590540 0.036166908181 -0.636408973811 -0.001092126000 | 0.103238260591 0.131315700946 0.985950327468 -2.273407885546 1.778637961526 0.019416236540
10.067339897933 0.347833873117 5.733178175563 0.229636594306 0.512536616278 0.052122367973 | -0.051339388793 0.065491601845 0.996531543528 -1.088878924816 -0.966272061142 -0.300467935021
-12.306688162316 -4.900298311929 5.787699781404 -0.180823748977 -0.559129001983 0.002282182361 | -0.091645232853 0.079510600248 0.992612318956 -1.372792200140 -1.591526128316 -0.009087429813
-1.171778051064 5.494556760432 -0.524151849161 0.242976227661 -1.080983461516 -0.026696826902 | -0.114261429162 -0.150564039951 0.981974946564 2.680887511072 -1.938223463496 -0.519889301329
-12.329186769452 -11.831860923040 -11.754773960490 -0.981015312558 -1.295902165200 -0.019469604278 | -0.048264856227 -0.166964146866 0.984780928590 2.913457667451 -0.796139182138 0.044420021655
-3.997070869590 -11.322646917782 -5.812094981987 0.167365837218 -1.343628895352 0.005244541333 | -0.106280395291 -0.051295599742 0.993012204872 0.887448841121 -1.826812854195 0.000862442166
0.539764839746 4.918564605188 -0.574322391295 -0.372610589063 -1.063641463987 0.002612688794 | -0.123187783351 0.093109917318 0.988005725353 -1.615330282494 -2.168522250586 -0.245789751948
6.714402665301 4.590210479608 -3.038790961808 0.912818043689 -1.688364632705 0.001488008934 | 0.079372696027 -0.002465202891 0.996841962349 0.042073877107 1.353916641980 0.073643155110
11.812723874526 1.169289084188 -12.586513247660 -0.274925039738 -0.145506526255 -0.002398258546 | 0.040938133430 -0.149952940277 0.987845223167 2.600880262825 0.739106234262 -0.065159245055
-7.696769009005 -6.575231617018 -5.092619050216 1.437456645514 0.910688779562 0.005382459275 | 0.011877099162 0.104688628246 0.994434123324 -1.799873857895 0.241741628422 0.079590676249
-5.506962929315 -10.206922698097 -11.977446456042 -0.423290572406 -0.454597160436 0.009201572793 | -0.052828200258 0.029518997092 0.998167225503 -0.515452580851 -0.925796182811 -0.418867244837
12.330911043905 -12.785003007131 -7.140653885960 -0.282169828804 -1.268965860067 0.002129277656 | -0.030424410176 -0.135430624321 0.990319595515 2.345513159268 -0.517123936178 0.003629777229
4.036467120849 5.420370036478 -11.096366496062 -0.033786089763 0.497389081889 0.002555977603 | -0.031825172264 0.233177511444 0.971913271114 -4.046553929890 -0.520585428711 0.039890811702
-2.195843551774 -4.053991664448 -4.607474295863 -0.025792293840 0.300069859891 0.002370656718 | -0.122399571171 -0.142025557093 0.982266301015 2.507188871497 -2.098095030136 -0.301802267222
-3.590667880604 -1.803265223215 -5.022049558941 0.297037127656 0.099251423878 0.003370678528 | -0.106821358343 -0.048009259646 0.993118476512 0.855751814460 -1.835327450016 -0.358045434319
6.668921252411 8.852147813397 2.253726177478 -1.602809873723 -0.406755207576 0.046052842757 | 0.068123296338 -0.049371711254 0.996454540169 0.910746695357 1.299340098641 0.248880840261
-3.928596416206 11.054409766498 7.727443679675 0.277518080258 -0.640105580087 -0.000158436006 | -0.047041924451 -0.197660960328 0.979141053223 3.430199164208 -0.800395322494 -0.155485936690
0.001000000000
