11.859837218109 9.277356278564 0.851892791672 0.958776439408 0.720114167986 -0.142746134724 | 0.275249104912 0.102123809753 0.955933396072 -1.477224827612 5.407293008088 2.169293953843
-3.492093367711 0.614327398140 -10.733582932865 0.569507914591 -0.579072923340 -0.505739479939 | -0.000865575149 0.044726239519 0.998998906045 -0.843795311164 0.028868712663 1.465347791077
9.068309886939 11.096587314636 -1.972749170742 -1.729639123382 -0.995503859953 -1.428905171385 | 0.039376234245 0.150568200756 0.987815129008 -2.833628471220 0.763771088226 -0.107006170167
5.129598303896 -10.444924325358 -1.766189797800 -0.293688835885 -0.184761950632 -0.709464612146 | 0.091319273327 0.039473625810 0.995039005861 -0.523256462466 1.699586588284 2.336765065586
-12.819568891029 9.695908809946 0.305588644794 -0.242717476598 -0.506874417620 0.852672492968 | 0.018200955185 0.318427296467 0.947772537108 -6.075745746983 0.854373803389 1.888306211235
13.523585272042 -6.218663868256 -2.397303954882 -0.118873906303 -0.020585014860 1.635911647376 | 0.010635371492 -0.083433426550 0.996456598256 1.561077535916 0.211232435936 0.161677878429
7.293752632500 -6.407779079659 -1.267041361863 1.522092963438 0.645713719316 -0.224005940820 | 0.093319115939 -0.092709142998 0.991310525216 1.421374271774 2.057646419863 -4.635286280948
-2.729897868128 6.595503166406 3.637325663297 -0.149154531172 -1.883279610414 -0.688463478014 | 0.041310220549 -0.016476771943 0.999010501278 0.257527242048 0.794420421205 -1.162543174022
13.179306725682 -10.613459101265 7.382799149027 0.353470775289 1.049245051377 -1.378610027340 | 0.106498097407 -0.064632635206 0.992210047175 1.074789614271 2.117582617017 -1.103074255364
1.560225359765 -3.655123619603 -8.897911266056 1.193473963742 0.486441820254 0.683913569562 | 0.075623798110 -0.130208558020 0.988598387910 2.369243213962 1.612886354180 -1.777830955987
-3.939869463485 4.496481082596 3.987170252852 0.425730050352 -0.631451598651 1.236432480727 | 0.038573249840 -0.115701443283 0.992534775421 2.296589762453 0.403007463538 3.735682143752
-8.080944333212 7.578246951600 -3.122269934023 1.749527223551 -0.499611316330 1.087529108920 | 0.032978679535 0.148940350684 0.988296098664 -2.873444744940 0.552184131033 -0.746317464380
3.075904623155 -1.730792386230 -9.364119579746 -0.053440278219 1.358376795881 1.733705064495 | 0.115886081330 -0.012656962987 0.993181865240 -0.149285665905 2.243872749949 -4.435152808518
13.022845780384 3.885600081968 -7.801752641823 0.529182319557 -0.371233430660 1.120953028039 | 0.117583427878 -0.073295583252 0.990354428962 1.658874344579 2.038305054721 3.180251773693
-1.181617675975 8.557335179118 7.344084575349 0.545904838405 1.405422174415 -0.907619277842 | 0.036062399914 -0.082827106204 0.995911227866 1.446519844087 0.586273402103 -3.482879671450
-8.316194884047 6.892560035057 3.526750216643 -0.157501464471 -0.134564860347 -0.089745731585 | 0.178986593466 -0.112975433273 0.977343517314 2.321674527358 3.258039490099 1.310999908676
3.436923454997 -10.162870863038 -3.913000581348 1.307572509059 -0.671122644353 -1.112995457680 | 0.104105685342 0.117216632536 0.987634683138 -2.022199069908 2.119959018713 2.087068730037
0.905494444687 9.607852456857 -8.549571488719 0.241397336483 -1.365852571145 0.033938730717 | 0.013748298365 -0.018396050999 0.999736250018 0.373701752428 0.191344176694 4.423865897586
2.330296368816 -10.774205068633 -0.938900158635 -0.455875425212 1.103735683864 0.823597144514 | 0.056064103572 -0.026887652726 0.998065063221 0.292025499648 1.214729579589 -4.629855598712
10.863110527657 0.686256538834 -1.599792116271 1.074257496801 0.857728928988 1.341628266867 | -0.067044197933 0.120248628924 0.990477330768 -2.363480398666 -1.092519695443 1.925294882762
-4.443692777076 -12.200205712598 -12.344694266520 -1.522775888222 -1.099511105564 0.071308764064 | -0.157217453953 -0.012626445338 0.987483288492 0.399155703462 -2.952702557977 -1.504915082781
12.830177191398 -10.770823888778 2.156038650960 0.407920979971 -1.355181726521 0.686948039285 | -0.119484719662 -0.115431620203 0.986102906813 2.009484422292 -2.325418037109 1.468075626347
7.397648349490 -5.637074850254 3.730455966049 0.528916438774 0.159753475002 -0.950361604362 | 0.025679667506 -0.014437842166 0.999565957499 0.352815481861 0.409995842223 3.087671498942
-1.248718273686 11.727580052570 -2.928037542632 -0.360256460164 1.440443342034 -0.690509987601 | 0.005852423723 0.004664435300 0.999971995698 -0.086266822376 0.149282957507 0.595367815539
11.116641875760 -2.400030980995 -8.682110980708 0.473593151554 2.105956777722 -1.468962613673 | 0.059484055732 0.068451892558 0.995879503514 -1.371498418524 1.022238580678 -1.782365697741
-0.056312351506 -1.749679285273 8.801521642293 -0.015115550901 -0.039562336900 0.052971747666 | -0.009447008631 -0.002198870411 0.999952958392 0.085445488549 -0.347762786942 -0.489460753706
-1.707680817531 -10.848768719446 6.230565876522 0.013516707902 0.008831255966 0.001597606732 | -0.000248089159 0.000323430225 0.999999916922 -0.012064915832 -0.009103814582 -0.141826498308
-12.071283643886 -0.933212715829 3.920997123593 -2.014024034507 -2.012696177580 0.013076129661 | -0.053278796858 0.047397207500 0.997454196706 -0.878833886566 -0.966455878255 -0.058309253440
-0.903223873104 7.305940114184 8.059991839287 1.373024243365 -0.062410123012 0.124201496555 | 0.123839941916 -0.221902425857 0.967172674441 4.149286208255 2.386920539276 -1.147517049037
-10.353585864070 8.235008989731 -2.964572212421 -0.528724788058 -0.993543745912 -0.023388804786 | -0.022348001176 -0.128505479945 0.991456962489 2.454066848444 -0.350916978783 0.399256923538
4.278051194106 9.545322448454 4.747346166163 -1.246397637931 1.168435240943 -0.045066802692 | -0.045914594134 0.137423633126 0.989447621203 -2.559340065332 -0.800384961768 -1.548922449558
-10.926899434154 -1.146627776282 0.247910737267 -0.894337932025 -1.167839944829 -0.003303381874 | 0.021993286811 0.057490203656 0.998103788100 -1.075638335804 0.435442931378 0.001964163489
6.019799867496 -3.534495084085 9.819778093033 0.175098636228 -1.429313647085 0.002324029770 | 0.079309819185 0.051354095078 0.995526347969 -0.967526279927 1.497899236393 -0.017421307027
-3.208528823701 0.197110408779 0.969486743955 0.036054444323 -0.633851385444 -0.000970101472 | 0.094484469841 0.120107950371 0.988254403085 -2.264612277252 1.773462207053 0.017971716703
10.066193686917 0.345261711901 5.732929831432 0.228871733508 0.516327811108 0.047230057861 | -0.046653344973 0.059987837576 0.997108281355 -1.091408540259 -0.950388917501 -0.274435342372
-12.305783753833 -4.897507674742 5.787688922340 -0.180938519768 -0.557132502838 0.002062458938 | -0.083763385703 0.072702250591 0.993830004566 -1.367668341543 -1.584151535997 -0.008337365819
-1.172939084065 5.499938583936 -0.524023943431 0.221469504696 -1.071765368311 -0.024465721809 | -0.104370128735 -0.137704888811 0.984959004134 2.660366514243 -1.938330875330 -0.477641309282
-12.324291558285 -11.825391006886 -11.754680861271 -0.977081804829 -1.292080719862 -0.017771571932 | -0.044364377286 -0.152626867103 0.987287618410 2.898783798059 -0.799962259796 0.040571718825
-3.997907558630 -11.315939252785 -5.812119958211 0.167313422973 -1.339454363837 0.004747507492 | -0.097219077194 -0.046895472902 0.994157565807 0.883880990620 -1.821284252104 0.000425417418
0.541585980836 4.923895654421 -0.574333803202 -0.355889117864 -1.068784729150 0.001965000434 | -0.112603629141 0.085000816797 0.989997618102 -1.608333513689 -2.154680178228 -0.223995363563
6.709845140626 4.598638315121 -3.038798061234 0.910204624251 -1.682792074829 0.001352033867 | 0.072628547048 -0.002282199718 0.997356448677 0.042177200982 1.351339121973 0.068312310679
11.814094228481 1.170015691412 -12.586501910123 -0.273216970667 -0.145142388244 -0.002138008306 | 0.037346347770 -0.137107886966 0.989851846308 2.590277657137 0.731775907047 -0.058335197069
-7.703945778969 -6.579777485076 -5.092644838742 1.433271269061 0.907671205672 0.004932792294 | 0.010729727267 0.095745323363 0.995348032603 -1.794201262767 0.234881790738 0.072075055421
-5.504860941481 -10.204655985506 -11.977491184513 -0.417511185918 -0.452096367053 0.008681300090 | -0.048276505940 0.026853750616 0.998472961603 -0.511797261784 -0.920661876664 -0.383347758171
12.332318990686 -12.778668322864 -7.140663947509 -0.281012109199 -1.264923378633 0.001896914271 | -0.027865040355 -0.123831116111 0.991911989145 2.335813371014 -0.516651231031 0.002688442855
4.036633247831 5.417887187047 -11.096378675576 -0.032665477656 0.495756253573 0.002316596938 | -0.029238935374 0.213506365676 0.976504027884 -4.032640717865 -0.523730504539 0.036625221103
-2.195710710316 -4.055483227774 -4.607485106393 -0.027347583025 0.296566863233 0.001960028963 | -0.111895709083 -0.129903897280 0.985192533346 2.490812403979 -2.092855349198 -0.277217677562
-3.592155537333 -1.803767484877 -5.022066138623 0.298031833972 0.101648621547 0.003255994424 | -0.097637781301 -0.043950676233 0.994251075796 0.848652346270 -1.829791072897 -0.327061924574
6.676926307158 8.854171881648 2.253505718991 -1.599227295678 -0.402887712526 0.042130523208 | 0.061654193500 -0.044942701108 0.997085209017 0.897711200645 1.274171879855 0.227352282132
-3.929981988988 11.057601289780 7.727444373448 0.276719966629 -0.636517570790 -0.000120165612 | -0.042979237219 -0.180904028612 0.982561202979 3.417175769224 -0.798963668549 -0.141888505689
0.001000000000
