11.866593157723 9.282407328223 0.850888909864 0.971539017667 0.723048648461 -0.144043084827 | 0.309687292558 0.116273733696 0.943702389358 -1.447429888126 5.448843837790 2.155337707785
-3.488102625030 0.610266835092 -10.737129963422 0.570725418006 -0.581108269945 -0.507714987003 | -0.001143096465 0.050634476496 0.998716598000 -0.849311549110 0.031909792036 1.471327481687
9.056146786239 11.089591911171 -1.982777627284 -1.745601681411 -1.003291633749 -1.436419299030 | 0.044823446773 0.170144343179 0.984399187882 -2.851383211849 0.766788411069 -0.183861750345
5.127526219195 -10.446210892284 -1.771165709754 -0.298300366586 -0.182840233407 -0.712194877411 | 0.102430090341 0.044611888499 0.993739330004 -0.498608304191 1.690306598843 2.329253338373
-12.821300428521 9.692349681331 0.311569810919 -0.252034635859 -0.510024235625 0.856237264804 | 0.019533498109 0.358798678529 0.933210560773 -6.112945711392 0.898718681726 1.857872054065
13.522792965263 -6.218802113897 -2.385841054571 -0.107522555396 -0.018897143848 1.639239745443 | 0.012227611260 -0.094323474122 0.995466507600 1.566805884633 0.217739940598 0.150818415396
7.304449636838 -6.403244139129 -1.268600906906 1.534231781314 0.650024634149 -0.221551583841 | 0.104480437850 -0.105714153464 0.988892489538 1.405427955157 2.092529529307 -4.637584980814
-2.730944905210 6.582273742092 3.632498246933 -0.150003496208 -1.896651001260 -0.690818877814 | 0.046751475722 -0.018615384193 0.998733080953 0.254029508146 0.802196903796 -1.114154773903
13.181722521997 -10.606102022077 7.373241560299 0.336995747553 1.052611413189 -1.352370079787 | 0.120761202429 -0.072942268019 0.989998059354 1.068886945582 2.147239456973 -1.098247232414
1.568586794479 -3.651697320489 -8.893112855149 1.195525623587 0.492472670666 0.687103251770 | 0.085135166557 -0.147609537781 0.985374765138 2.381653663702 1.636167176172 -1.744591405854
-3.936896831790 4.492069191394 3.995842124973 0.423613836793 -0.629084022260 1.241280971481 | 0.044516132386 -0.130641660510 0.990429740313 2.324352110772 0.374662262252 3.788466501581
-8.068681551608 7.574731586620 -3.114633181129 1.754161465642 -0.504800547214 1.094438248321 | 0.037631065223 0.168693439049 0.984949961446 -2.902745780923 0.544823819862 -0.806258269190
3.075540844636 -1.721280888597 -9.351955505695 -0.050459509612 1.359276658813 1.741781966425 | 0.131117009173 -0.015333869131 0.991248305100 -0.179903938740 2.266835967526 -4.404265169980
13.026561107813 3.882998459417 -7.793889650319 0.532369069841 -0.372105252785 1.125657931974 | 0.133420337090 -0.082095745567 0.987653432237 1.693011390906 2.036055275717 3.197739038736
-1.177950231002 8.567256959429 7.337676614437 0.501709566696 1.428901534401 -0.923055854547 | 0.037725888713 -0.093841670805 0.994872101399 1.448743699227 0.529768469467 -3.713187776899
-8.317296497676 6.891613352940 3.526121955362 -0.157256492627 -0.135921246761 -0.089760054378 | 0.202318350229 -0.127160426244 0.971029099027 2.349694630351 3.263214873342 1.300288351330
3.446088818151 -10.167584959820 -3.920798724279 1.311088110821 -0.675790649758 -1.115126965347 | 0.116973414520 0.132760041340 0.984221515574 -2.014102580798 2.138705315932 2.089922793867
0.907167487431 9.598281025720 -8.549329986108 0.236652825045 -1.368868408042 0.035055011227 | 0.015673162339 -0.020558039970 0.999665803644 0.374103682726 0.186794981356 4.406021725897
2.327110146690 -10.766461821190 -0.933132566580 -0.454477567546 1.108669119042 0.824304729424 | 0.063724993640 -0.030805533802 0.997491926921 0.273147105615 1.247327724581 -4.647666649541
10.870648600239 0.692271546798 -1.590376252199 1.079518281370 0.860867758040 1.348667236110 | -0.076308215593 0.135721873747 0.987803942703 -2.385493162206 -1.085018850864 1.927705164347
-4.454355186561 -12.207920937375 -12.344194600658 -1.523672016030 -1.104888717184 0.071481173022 | -0.177783547463 -0.013650548109 0.983974935040 0.423542155051 -2.967487361582 -1.585522100634
12.833054364488 -10.780339974354 2.160834418040 0.414100168672 -1.363783798480 0.683253046263 | -0.134269889377 -0.130538750250 0.982309132346 2.002334690977 -2.329246774327 1.433571398513
7.401346820029 -5.635954634661 3.723784166664 0.527802152200 0.160323469703 -0.955899555177 | 0.028845740962 -0.016360459242 0.999449978039 0.365508867197 0.399897521848 3.095051466509
-1.251234871926 11.737685247957 -2.932881577292 -0.358792173178 1.446811350868 -0.693526074078 | 0.006909573369 0.005296873092 0.999962099747 -0.086688578469 0.158808231669 0.620812883620
11.119964670089 -2.385253020570 -8.692416652852 0.475781200508 2.116392798263 -1.475569492450 | 0.067502988042 0.077268424933 0.994722542780 -1.386464653536 1.019565634684 -1.774209758281
-0.056423488415 -1.749974283126 8.801918306708 -0.016612857306 -0.044721535755 0.060388452523 | -0.012046064227 -0.002799644272 0.999923524240 0.097469631497 -0.392293357159 -0.552387369889
-1.707579999938 -10.848702577486 6.230577938597 0.015289015105 0.010070296778 0.001850699662 | -0.000315453182 0.000413861391 0.999999864604 -0.013692092327 -0.010256122519 -0.161421228906
-12.085416618087 -0.947329219773 3.921095317162 -2.024040929082 -2.020662794047 0.014987147444 | -0.059985556292 0.053561127121 0.996761224516 -0.880502480288 -0.961713564395 -0.065392134322
-0.893423668249 7.305450118160 8.060902609030 1.427315558514 -0.077055271497 0.135827419055 | 0.137915377982 -0.251032249657 0.958103417251 4.159220208774 2.400261307135 -1.328502930203
-10.357287106904 8.228033246394 -2.964744594339 -0.528744517253 -0.999539372372 -0.025845224073 | -0.024315775283 -0.145662564799 0.989035469682 2.476565962478 -0.334665057206 0.449078978979
4.269233203695 9.553479139476 4.747001151352 -1.272781146359 1.161924171014 -0.053595572181 | -0.049699507636 0.155682658761 0.986556064652 -2.561716441751 -0.782247693072 -1.732345542006
-10.933166012778 -1.154819850982 0.247886041395 -0.896141378771 -1.172801232088 -0.003753111706 | 0.025060710219 0.065019813115 0.997569238051 -1.080417763505 0.443276351325 0.003539949757
6.021026535008 -3.544520341019 9.819795352308 0.175383154800 -1.435095291567 0.002606608945 | 0.089781919948 0.058100819335 0.994265307472 -0.973384166648 1.507655621417 -0.020268992277
-3.208275890981 0.192660929634 0.969479356182 0.036210863730 -0.637451811138 -0.001142383652 | 0.106740928280 0.135804446200 0.984968794746 -2.277388407977 1.781065401153 0.019984171995
10.067799512419 0.348857426856 5.733284399324 0.229984843692 0.511023799529 0.054104463006 | -0.053230776064 0.067692650693 0.996285194872 -1.088024769436 -0.972809132720 -0.310947515931
-12.307049761151 -4.901417375249 5.787704435207 -0.180777264900 -0.559942661662 0.002371820070 | -0.094805674794 0.082239202489 0.992093038783 -1.375115077434 -1.594792914095 -0.009389895453
-1.171283447262 5.492391083324 -0.524206135580 0.251636268571 -1.084710840280 -0.027590015705 | -0.118227344029 -0.155711623949 0.980701884005 2.689790486596 -1.938180624980 -0.536733059971
-12.331150386826 -11.834454273158 -11.754813581052 -0.982616870286 -1.297467466624 -0.020151457461 | -0.049815352791 -0.172710026789 0.983712192297 2.919904279323 -0.794778028635 0.045967934200
-3.996736112411 -11.325335863584 -5.812084291762 0.167394106031 -1.345337177620 0.005446002656 | -0.109910044469 -0.053059449438 0.992524295395 0.889049295942 -1.829396528605 0.001057309066
0.539012865760 4.916439375785 -0.574316887305 -0.379375489596 -1.061602869678 0.002893393540 | -0.127429496994 0.096366110845 0.987155152940 -1.618322591692 -2.174559379754 -0.254543228871
6.716229360736 4.586831497228 -3.038787930999 0.913891331365 -1.690643348820 0.001542862259 | 0.082073335060 -0.002536991876 0.996623063823 0.042051200012 1.355216533490 0.075738538536
11.812173342216 1.168997917206 -12.586518150110 -0.275610921006 -0.145663317143 -0.002504409559 | 0.042380475205 -0.155099439038 0.986989391702 2.605601241069 0.742185272924 -0.067955588896
-7.693892399878 -6.573409018473 -5.092608105700 1.439174401499 0.911923679151 0.005562104050 | 0.012343320168 0.108272201283 0.994044653362 -1.802505861995 0.244562934458 0.082647975757
-5.507811829690 -10.207832903111 -11.977427857824 -0.425616382189 -0.455615199323 0.009395382587 | -0.054652877868 0.030595246571 0.998036569384 -0.516965797954 -0.928021584610 -0.433156572100
12.330346237929 -12.787542571850 -7.140649532090 -0.282640345760 -1.270617878083 0.002224871349 | -0.031447524283 -0.140079176381 0.989640782082 2.349870657892 -0.517417241997 0.004040209700
4.036399099442 5.421365473237 -11.096361287198 -0.034235887937 0.498055043983 0.002653045578 | -0.032854174419 0.241038980734 0.969959181095 -4.052949728746 -0.519412997866 0.041197921760
-2.195894519182 -4.053390107929 -4.607469380490 -0.025175998173 0.301492436321 0.002545788205 | -0.126609712539 -0.146878516137 0.981018186472 2.514362595882 -2.100505930100 -0.311626079309
-3.590074196396 -1.803067686946 -5.022042779613 0.296651973729 0.098285354494 0.003407861255 | -0.110503926607 -0.049632498520 0.992635631687 0.858898201759 -1.837844223005 -0.370534302018
6.665714185749 8.851332734548 2.253819851702 -1.604280182659 -0.408331503933 0.047621974536 | 0.070748061889 -0.051156755262 0.996181558818 0.916208899711 1.309579596110 0.257568582194
-3.928041048775 11.053128102913 7.727443345802 0.277854434045 -0.641568580668 -0.000175624717 | -0.048672434735 -0.204363897092 0.977684198329 3.436128115773 -0.801069635304 -0.160958068987
0.001000000000
