11.827298359100 9.252366190041 0.856745712584 0.904160983843 0.709958470722 -0.134173090668 | 0.098470979241 0.034396676275 0.994545290527 -1.643467470089 5.236462092534 2.217290518234
-3.511972694569 0.634469292611 -10.716009837719 0.568518279064 -0.573951797022 -0.500218199393 | -0.000063722845 0.015640535692 0.999877677310 -0.822486882408 0.012705335834 1.444008881185
9.127621005023 11.130914525461 -1.923263274986 -1.666099889435 -0.971050450587 -1.404015145864 | 0.013495945809 0.053065139274 0.998499849995 -2.780499490206 0.729680917079 0.258765083127
5.139447468728 -10.438270986455 -1.741590307625 -0.268971845080 -0.196030186762 -0.697611457871 | 0.033349990760 0.013852472909 0.999347730828 -0.649447187897 1.748720305296 2.390446849598
-12.811848764413 9.713405605343 0.276003981448 -0.199622628974 -0.494449999763 0.840468197960 | 0.007934406533 0.112957713269 0.993568115534 -5.938422352509 0.606591433972 2.022618856165
13.528774062725 -6.217813550204 -2.454395316334 -0.178662834670 -0.027645278841 1.631794043855 | 0.003415287574 -0.029355206605 0.999563208435 1.540257184889 0.182195685755 0.221145634601
7.241420093326 -6.430080374906 -1.259007425675 1.473421584570 0.631352761655 -0.234921355051 | 0.034354542409 -0.031153090683 0.998924046340 1.518450784643 1.905816266081 -4.648399420748
-2.724739516986 6.660448587040 3.661274956423 -0.146101164710 -1.835165834699 -0.682469272584 | 0.014535332734 -0.005816194099 0.999877440484 0.284139899606 0.768404998339 -1.397354511140
13.165193645771 -10.649698603334 7.433701533275 0.460322617149 1.017576327924 -1.540355041188 | 0.036847827063 -0.023270218612 0.999049915953 1.156538966864 1.978339992509 -1.079784205208
1.518553978798 -3.671614989271 -8.921653094991 1.191310964519 0.456565910323 0.675708329904 | 0.027166372354 -0.045152770977 0.998610642586 2.336715469030 1.498033902208 -1.946540278830
-3.954999888054 4.518818406092 3.944215472189 0.440517293608 -0.646674886572 1.222360704228 | 0.012226780698 -0.040894744741 0.999088647562 2.184322530954 0.535774034318 3.483661145480
-8.141900028218 7.595329551098 -3.159825813145 1.739129281092 -0.478423041387 1.062317267426 | 0.011160642711 0.051785284799 0.998595876385 -2.743750978348 0.574362031968 -0.417956275734
3.077994986000 -1.778418118263 -9.424221655141 -0.065154822992 1.368727436420 1.706223730794 | 0.040542829242 -0.002822880719 0.999173813879 0.008868647114 2.148159920788 -4.602366018880
13.004543688758 3.898554907987 -7.840678006500 0.518773585433 -0.370427170402 1.107368457240 | 0.040604714980 -0.026928733409 0.998812344957 1.508192232565 2.069241877595 3.110013587061
-1.204384281952 8.510569858056 7.374363976527 0.752158216831 1.262954302507 -0.821208408467 | 0.016856654040 -0.028960120508 0.999438424634 1.480092810180 0.847697300892 -2.445050945986
-8.310640033093 6.897164239654 3.529897547084 -0.160627880914 -0.129032156461 -0.090407381523 | 0.062819679748 -0.040530975488 0.997201548265 2.196382011397 3.255911938520 1.367158335788
3.391417069621 -10.139720362717 -3.874088909669 1.295915373596 -0.654417385034 -1.115280152419 | 0.037646140413 0.040807050884 0.998457586836 -2.077747499931 2.035139166798 2.084827933866
0.896575829563 9.655490635611 -8.550655520040 0.269796564794 -1.360557105724 0.027926559771 | 0.004622277922 -0.006813971172 0.999966101597 0.369054659756 0.218005945186 4.513188701138
2.346402839245 -10.812514799832 -0.967726388805 -0.465866830556 1.089541713660 0.826267132758 | 0.019171893286 -0.008920963495 0.999776402461 0.393481540475 1.061936652900 -4.560876192297
10.825870921463 0.656440659553 -1.646256385731 1.057621865539 0.848928207382 1.318277663225 | -0.022778987549 0.042619934780 0.998831646918 -2.272117859562 -1.137465674103 1.908377539928
-4.390343868981 -12.162078743851 -12.347210060966 -1.531023605155 -1.083467494575 0.073317459373 | -0.055174941476 -0.005323839320 0.998462509345 0.317255350225 -2.896371354761 -1.102920225752
12.816449108685 -10.723983634544 2.131654137818 0.377052982385 -1.327011174680 0.708021791166 | -0.043238666415 -0.040400777115 0.998247561948 2.060849655981 -2.303367219767 1.621251009658
7.378997399231 -5.642641878994 3.763318914881 0.538596207114 0.159174032191 -0.930858304448 | 0.009350920429 -0.005046864030 0.999943543132 0.293463806045 0.465125376401 3.061236019899
-1.235938583794 11.677584959339 -2.904068408150 -0.371538979252 1.421684276440 -0.681681852740 | 0.001569175045 0.001612434759 0.999997468869 -0.084414149913 0.097836628125 0.465672667148
11.100228593379 -2.473018590357 -8.631139170047 0.465681791923 2.072289452261 -1.449005691232 | 0.020529151750 0.024274930814 0.999494513073 -1.305344385349 1.043486664704 -1.843374675163
-0.055938179983 -1.748745057901 8.800287840594 -0.005859880539 -0.013904541808 0.018102226113 | -0.001181114670 -0.000274564322 0.999999264791 0.028990434477 -0.123499784465 -0.173710919172
-1.707999961146 -10.848973796576 6.230529948083 0.004755140747 0.002986437171 0.000500388226 | -0.000031515715 0.000039843065 0.999999998710 -0.004180503640 -0.003283146899 -0.048410172194
-12.001485889105 -0.863281584959 3.920697193245 -1.981579082634 -1.990557098136 0.004283885203 | -0.019111723705 0.016722612922 0.999677496113 -0.874893964446 -0.992509168599 -0.021277216456
-0.946896515474 7.306334900967 8.056861509632 1.131990617977 0.048877020730 0.050637782299 | 0.046023630207 -0.077660815603 0.995916976049 4.087738809463 2.398068640229 -0.361901107404
-10.335089049635 8.269324462024 -2.963990534491 -0.528883738940 -0.970361326330 -0.009323059293 | -0.009314361326 -0.044604696030 0.998961292426 2.356761107291 -0.454254392027 0.144580904846
4.319124464800 9.503922438051 4.748284764061 -1.096496787419 1.198265737593 -0.011197638976 | -0.019342432545 0.047593796832 0.998679478515 -2.514898119155 -0.958317017503 -0.579293943377
-10.895677924525 -1.106073346797 0.247987844403 -0.892854016652 -1.153891419569 -0.001127699615 | 0.007428826204 0.020208636602 0.999768184905 -1.059631139261 0.398406544220 -0.001300969852
6.013681174073 -3.484846001444 9.819722163850 0.175152663613 -1.412848678066 0.000856495752 | 0.027728225137 0.018009674621 0.999453249107 -0.946176819373 1.458996556142 -0.005261110623
-3.209777511037 0.219038558839 0.969507612279 0.035365500109 -0.621451041518 -0.000267969550 | 0.033330789811 0.042201540073 0.998552997325 -2.217429389764 1.748239869742 0.006759222415
10.058217321537 0.326694099143 5.731844216861 0.228561176076 0.546222201546 0.015574787305 | -0.015611581518 0.021324093794 0.999650719775 -1.109966873600 -0.844569716377 -0.095156055376
-12.299428367499 -4.878205390001 5.787641699076 -0.182694670864 -0.547793207493 0.000677377967 | -0.029303074032 0.025511139819 0.999244970764 -1.340029685121 -1.542060376590 -0.003054259444
-1.178122436395 5.536424430750 -0.523440915508 0.076231243710 -1.017115642978 -0.008828837704 | -0.036243576010 -0.048275740491 0.998176265034 2.549207892584 -1.911369656415 -0.171598870883
-12.290490934879 -11.780524699338 -11.754263306302 -0.957814903580 -1.276251079947 -0.006181234460 | -0.016116487243 -0.053392054990 0.998443562402 2.813028568009 -0.832859821497 0.014018902304
-4.003774829859 -11.269453632850 -5.812228658408 0.168627477781 -1.321583090775 0.001548594047 | -0.034214515605 -0.016435971279 0.999279353219 0.863970038364 -1.794282415150 -0.000712526345
0.552092141503 4.962011397790 -0.574350536205 -0.246964776988 -1.112708203849 -0.000360736054 | -0.039363429846 0.029470856307 0.998790262778 -1.556543864334 -2.076731713222 -0.075065980020
6.678226814756 4.657000938576 -3.038829360389 0.899823891822 -1.658179029827 0.000452979764 | 0.025627164121 -0.000866248337 0.999671194980 0.044387134724 1.341263014295 0.026301864557
11.823464590064 1.175072355246 -12.586455777726 -0.263029830870 -0.144526854726 -0.000587954282 | 0.012845643116 -0.048048099191 0.998762419005 2.528035504938 0.684463119150 -0.017033126101
-7.753724958993 -6.611257059310 -5.092762163734 1.416377562802 0.894401772403 0.001767272095 | 0.003434971479 0.033660536089 0.999427420717 -1.765713892366 0.190864495831 0.023479109613
-5.490918305838 -10.189096550857 -11.977714392315 -0.380686025623 -0.438619906388 0.003694363075 | -0.016841838201 0.009115623080 0.999816612135 -0.484308096672 -0.888968726192 -0.135621023335
12.342035887181 -12.734783070695 -7.140705224464 -0.275197380550 -1.247226699493 0.000542258047 | -0.009883277675 -0.043434266528 0.999007400029 2.282967685147 -0.516421399883 -0.000596344784
4.037642376429 5.400694350350 -11.096432029807 -0.025107847552 0.488403195845 0.000769083695 | -0.010590882708 0.075434279972 0.997094530428 -3.961743611122 -0.547326418080 0.013229142193
-2.194554775006 -4.065473550933 -4.607516903970 -0.038936186627 0.275629446768 0.000175079179 | -0.039190490256 -0.045590608351 0.998191165010 2.403340629662 -2.058735627145 -0.100059311951
-3.602739286322 -1.807617282706 -5.022155254404 0.307919450166 0.118507683427 0.001582255081 | -0.034174623167 -0.015531888702 0.999295179396 0.817090170622 -1.795753155341 -0.113997131437
6.732586173624 8.867853367636 2.252509927773 -1.586627127622 -0.380717712766 0.014850642256 | 0.020053827659 -0.015266142873 0.999682343986 0.817782415594 1.097339738227 0.079579645191
-3.939603542399 11.079505840788 7.727445815682 0.274271230855 -0.617639588526 0.000001351203 | -0.015012943632 -0.063769362898 0.997851732413 3.349975425115 -0.788170383600 -0.048660926490
0.001000000000
