11.880383256273 9.292575496685 0.848856837266 0.998842756818 0.729695601293 -0.146130722940 | 0.377293987955 0.145046534969 0.914664282317 -1.392726617446 5.543809622931 2.124492146184
-3.480090336421 0.602097756769 -10.744270001739 0.574069607275 -0.586084271334 -0.512446724402 | -0.001826663605 0.062563173165 0.998039334227 -0.862306696710 0.037878645365 1.486230440277
9.031469127777 11.075420520005 -2.003005247981 -1.780329475960 -1.021829997339 -1.453686366008 | 0.056074175658 0.209393303429 0.976222377998 -2.896823829979 0.769039674145 -0.341417413291
5.123287217282 -10.448746045682 -1.781175331122 -0.307191549911 -0.179420532198 -0.717736437015 | 0.124177658685 0.054889802781 0.990740641457 -0.450275432531 1.674219409047 2.320415676410
-12.824963437171 9.685162116428 0.323611878118 -0.271413042985 -0.516873837292 0.864206403055 | 0.021414495141 0.438308992560 0.898569221840 -6.202197487171 0.982182113007 1.795002204189
13.521443800062 -6.219041524541 -2.362832822909 -0.085320203054 -0.015241879650 1.648078468190 | 0.015560459368 -0.116202783554 0.993103612519 1.581151619781 0.231675076044 0.130009697070
7.326110575776 -6.394075962839 -1.271666910694 1.560596369333 0.659992127498 -0.216388913464 | 0.126151571956 -0.132423088276 0.983132700394 1.378037616821 2.169201745064 -4.651170045101
-2.733058113426 6.555513982453 3.622788178166 -0.151930724404 -1.926887031630 -0.696530957373 | 0.057782948210 -0.022907649649 0.998066315674 0.249284612467 0.821251013166 -1.016821848649
13.186234476176 -10.591327138376 7.354645451218 0.308529371122 1.057779486383 -1.305369245532 | 0.149634869621 -0.089751132063 0.984659403087 1.066042964400 2.210770419178 -1.083806245529
1.585361068767 -3.644718467282 -8.883441029628 1.201085193725 0.504474104221 0.694868198712 | 0.103994000302 -0.182818599113 0.977631120474 2.414144614970 1.684610693326 -1.680622764709
-3.930991575138 4.483292386015 4.013297973538 0.420152886096 -0.624825964827 1.252764913636 | 0.057133611189 -0.160484527476 0.985383411121 2.387397217836 0.316104275061 3.899597200043
-8.044045416029 7.567586932930 -3.099204762225 1.765745349184 -0.516036851800 1.109965882259 | 0.047289130405 0.208481809163 0.976882323207 -2.967243145757 0.527976907153 -0.921539187115
3.074879423763 -1.702223045138 -9.327444566387 -0.043896725802 1.363844164980 1.760233666494 | 0.161732378354 -0.021389930075 0.986602812019 -0.240568775417 2.318328311456 -4.348965336756
13.034064589323 3.877772994313 -7.778054467206 0.539766877929 -0.374531141896 1.136875952589 | 0.165570465671 -0.099199805286 0.981196116752 1.767164377036 2.037127263637 3.238680677414
-1.171567943455 8.587563921142 7.324552489453 0.408779677399 1.472368366238 -0.950902313212 | 0.038453579000 -0.116218896662 0.992478962155 1.463347478234 0.410503255009 -4.202651164475
-8.319496585760 6.889690212021 3.524864388166 -0.157113344143 -0.138858150143 -0.089918062196 | 0.249007624444 -0.155193865040 0.955986436736 2.410884737708 3.280952846179 1.280471446429
3.464498857561 -10.177117593470 -3.936454485812 1.319092854986 -0.686229202987 -1.121952174194 | 0.142254123430 0.164120503168 0.976129204976 -2.002815143614 2.180625034227 2.100184776783
0.910419221904 9.579064731847 -8.548824093601 0.228077605519 -1.376665589051 0.037192937625 | 0.019621139100 -0.024714072587 0.999501988751 0.374683857478 0.178687740725 4.374401761839
2.320764280924 -10.750860773409 -0.921576194810 -0.452165426663 1.120436481113 0.826824093933 | 0.079323688520 -0.039035602892 0.996084320801 0.236855337115 1.315546972436 -4.690656362626
10.885845200231 0.704374428886 -1.571384468667 1.091771963276 0.868353671219 1.364870662802 | -0.095261964500 0.166625762142 0.981407669376 -2.435250434084 -1.072442845012 1.932897741374
-4.475711582896 -12.223475304061 -12.343188272887 -1.527679869905 -1.117543909501 0.072408210891 | -0.219068491835 -0.015203184272 0.975591030644 0.480855694052 -3.003130216685 -1.748187708727
12.838937514472 -10.799568905498 2.170349936210 0.426289880548 -1.383784976587 0.676138464567 | -0.163369321059 -0.160792864100 0.973373576686 1.992672378766 -2.337414155357 1.361473020849
7.408724498823 -5.633699772397 3.710315760204 0.526294526676 0.161888845790 -0.968455106941 | 0.035101483792 -0.020267945137 0.999178210449 0.392042550608 0.380890201845 3.114241034079
-1.256241348255 11.758042897954 -2.942639383371 -0.356560063866 1.461896732402 -0.700668515954 | 0.009209329849 0.006589688465 0.999935880069 -0.087608822253 0.177315938207 0.671875473174
11.126659208075 -2.355458862844 -8.713180252147 0.480681872507 2.140579099917 -1.491129762582 | 0.083788494475 0.094903935488 0.991953996525 -1.419499958422 1.016453159778 -1.763258678159
-0.056674510981 -1.750672681524 8.802870764547 -0.019135253870 -0.055047594248 0.075813442896 | -0.018191266697 -0.004207449862 0.999825672396 0.122510679119 -0.481390167923 -0.678646015611
-1.707340986621 -10.848543802695 6.230607604961 0.018861661258 0.012630255933 0.002396400269 | -0.000473938987 0.000629758185 0.999999689393 -0.017025358303 -0.012579648704 -0.201856823877
-12.113911253816 -0.975747796656 3.921332755646 -2.047261374261 -2.039770347246 0.018967466842 | -0.073275036409 0.065938469533 0.995129583157 -0.885461928766 -0.953395233169 -0.079285379222
-0.872642803735 7.304206024459 8.062946062819 1.543187521985 -0.100461003256 0.154963488777 | 0.164047042002 -0.309567444315 0.936619754986 4.173615206049 2.446137480969 -1.718573666119
-10.364689835629 8.213949137096 -2.965139284823 -0.528767931048 -1.012702561015 -0.030480065125 | -0.027594294664 -0.180377996224 0.983210218305 2.526774422585 -0.306583288815 0.548356652077
4.251061740365 9.569648585519 4.746122858755 -1.322428337309 1.147670747188 -0.072210046018 | -0.055617766045 0.192385808162 0.979741988953 -2.564429566739 -0.760083456104 -2.092381398071
-10.945744758406 -1.171319475612 0.247827134273 -0.901090011694 -1.184683318193 -0.004664528331 | 0.031356239783 0.080181999369 0.996286923132 -1.092435273842 0.459843532198 0.007659894067
6.023487330238 -3.564705094604 9.819835762093 0.176210105588 -1.448887100551 0.003164754218 | 0.110911897336 0.071691991607 0.991241045038 -0.987525643623 1.530407292898 -0.026422656047
-3.207766672909 0.183680517292 0.969460779932 0.036536110715 -0.645668663322 -0.001518244461 | 0.131286238459 0.167328527914 0.977120815118 -2.308223109384 1.800289011912 0.023752598113
10.071041115959 0.355940653591 5.734141312112 0.233355971129 0.500972366890 0.068442365514 | -0.066741200505 0.083106303918 0.994303250726 -1.082416506956 -1.019601769964 -0.384758298027
-12.309579291308 -4.909300627278 5.787742194468 -0.180613635929 -0.566403779999 0.003031951480 | -0.117064808227 0.101435444445 0.987930504279 -1.393064288938 -1.619624733128 -0.011541675674
-1.167329788766 5.477013486874 -0.524636420902 0.313535149858 -1.112466536276 -0.033892495960 | -0.146135460128 -0.191803641434 0.970492550423 2.757977655964 -1.934161271857 -0.652590595251
-12.344992992002 -11.852705367583 -11.755129445140 -0.995201368841 -1.310229335760 -0.024989289003 | -0.060515320069 -0.213118259174 0.975150503073 2.968590899766 -0.786339315722 0.056847525076
-3.994389738386 -11.344264537823 -5.811997934488 0.167865168055 -1.359173570925 0.006904280791 | -0.135416124354 -0.065474970825 0.988623033042 0.901284285205 -1.849874856129 0.002746647007
0.533361574321 4.901669652537 -0.574260919798 -0.428421751512 -1.048632078679 0.005200511012 | -0.157257789498 0.119369856825 0.980316696238 -1.639195146856 -2.220659802754 -0.315635419756
6.729083527374 4.563037848846 -3.038763598216 0.922707423311 -1.708976258771 0.001935659251 | 0.101040124591 -0.003016647202 0.994877777952 0.042092530880 1.365974746858 0.089675567597
11.808279491871 1.166949288603 -12.586558571102 -0.280714310136 -0.147074973342 -0.003278155487 | 0.052563707629 -0.191272829034 0.980128441335 2.641235409496 0.764680414898 -0.088420608678
-7.673648635930 -6.560574483063 -5.092521415881 1.453246144755 0.921871167063 0.006822629428 | 0.015723571783 0.133475404961 0.990927386624 -1.823220028611 0.265118258538 0.104718786901
-5.513887837393 -10.214265330836 -11.977287928466 -0.442526568144 -0.463474240536 0.010527443651 | -0.067491971421 0.038302164881 0.996984341883 -0.527349295774 -0.944545559936 -0.533828487878
12.326364107458 -12.805421742495 -7.140613477563 -0.286320382835 -1.283934310806 0.002938526406 | -0.038601858191 -0.172777016576 0.984204246631 2.383437313616 -0.520137138688 0.007451636223
4.035897437173 5.428374551417 -11.096319265721 -0.037444671488 0.503387999257 0.003357000025 | -0.039971446204 0.295949371167 0.954366938444 -4.103119593692 -0.511526212497 0.050290809509
-2.196217400894 -4.049096135320 -4.607424278839 -0.020983704414 0.312090972986 0.003948738282 | -0.156230866426 -0.180920427615 0.971009637052 2.569688996532 -2.118286740498 -0.379657268438
-3.585937328843 -1.801739139919 -5.021993913638 0.294442115785 0.091484149279 0.003533546181 | -0.136445345013 -0.060995149227 0.988768051464 0.884226423583 -1.856699586197 -0.458877882136
6.643170590206 8.845534260542 2.254563728116 -1.616696990389 -0.420238547241 0.058656102598 | 0.089724449281 -0.063872741125 0.993916392934 0.956723474787 1.381475664297 0.319245881576
-3.924131714710 11.044068792653 7.727439880132 0.280755140836 -0.652862839029 -0.000329768946 | -0.060182667123 -0.251291024889 0.966038750459 3.482460715172 -0.805835732532 -0.199426063871
0.001000000000
