0 0 0 0 0 0 1 0 0 0 1 0 0 0 1  0 0 0 1
1.0001 0 0 0 0 0 1 0 0 0 1 0 0 0 1  0 0 0 1
2.0002 0 0 0 0 0 1 0 0 0 1 0 0 0 1  0 0 0 1
3.0003 0 0 0 0 0 1 0 0 0 1 0 0 0 1  0 0 0 1
4.0004 0 0 0 0 0 1 0 0 0 1 0 0 0 1  0 0 0 1
5.0005 0 0 0 0 0 1 0 0 0 1 0 0 0 1  0 0 0 1
6.0006 0 0 0 0 0 1 0 0 0 1 0 0 0 1  0 0 0 1
7.0007 0 0 0 0 0 1 0 0 0 1 0 0 0 1  0 0 0 1
8.0008 0 0 0 0 0 1 0 0 0 1 0 0 0 1  0 0 0 1
9.0009 0 0 0 0 0 1 0 0 0 1 0 0 0 1  0 0 0 1
10.001 0 0 0 0 0 1 0 0 0 1 0 0 0 1  0 0 0 1
-10.5432 0 0 0 0 0 1 0 0 0 1 0 0 0 1  0 0 0 1
-9.54315 0 0 0 0 0 1 0 0 0 1 0 0 0 1  0 0 0 1
-8.54305 0 0 0 0 0 1 0 0 0 1 0 0 0 1  0 0 0 1
-7.54295 0 0 0 0 0 1 0 0 0 1 0 0 0 1  0 0 0 1
-6.54285 0 0 0 0 0 1 0 0 0 1 0 0 0 1  0 0 0 1
-5.54275 0 0 0 0 0 1 0 0 0 1 0 0 0 1  0 0 0 1
-4.54265 0 0 0 0 0 1 0 0 0 1 0 0 0 1  0 0 0 1
-3.54255 0 0 0 0 0 1 0 0 0 1 0 0 0 1  0 0 0 1
-2.54245 0 0 0 0 0 1 0 0 0 1 0 0 0 1  0 0 0 1
-1.54235 0 0 0 0 0 1 0 0 0 1 0 0 0 1  0 0 0 1
0.50005 0.866112 0 0 0 0 1 0 0 0 1 0 0 0 1  0 0 0 1
1.50015 0.866112 0 0 0 0 1 0 0 0 1 0 0 0 1  0 0 0 1
2.50025 0.866112 0 0 0 0 1 0 0 0 1 0 0 0 1  0 0 0 1
3.50035 0.866112 0 0 0 0 1 0 0 0 1 0 0 0 1  0 0 0 1
4.50045 0.866112 0 0 0 0 1 0 0 0 1 0 0 0 1  0 0 0 1
5.50055 0.866112 0 0 0 0 1 0 0 0 1 0 0 0 1  0 0 0 1
6.50065 0.866112 0 0 0 0 1 0 0 0 1 0 0 0 1  0 0 0 1
7.50075 0.866112 0 0 0 0 1 0 0 0 1 0 0 0 1  0 0 0 1
8.50085 0.866112 0 0 0 0 1 0 0 0 1 0 0 0 1  0 0 0 1
9.50095 0.866112 0 0 0 0 1 0 0 0 1 0 0 0 1  0 0 0 1
10.501 0.866112 0 0 0 0 1 0 0 0 1 0 0 0 1  0 0 0 1
-10.0432 0.866112 0 0 0 0 1 0 0 0 1 0 0 0 1  0 0 0 1
-9.0431 0.866112 0 0 0 0 1 0 0 0 1 0 0 0 1  0 0 0 1
-8.043 0.866112 0 0 0 0 1 0 0 0 1 0 0 0 1  0 0 0 1
-7.0429 0.866112 0 0 0 0 1 0 0 0 1 0 0 0 1  0 0 0 1
-6.0428 0.866112 0 0 0 0 1 0 0 0 1 0 0 0 1  0 0 0 1
-5.0427 0.866112 0 0 0 0 1 0 0 0 1 0 0 0 1  0 0 0 1
-4.0426 0.866112 0 0 0 0 1 0 0 0 1 0 0 0 1  0 0 0 1
-3.0425 0.866112 0 0 0 0 1 0 0 0 1 0 0 0 1  0 0 0 1
-2.0424 0.866112 0 0 0 0 1 0 0 0 1 0 0 0 1  0 0 0 1
-1.0423 0.866112 0 0 0 0 1 0 0 0 1 0 0 0 1  0 0 0 1
0 1.73222 0 0 0 0 1 0 0 0 1 0 0 0 1  0 0 0 1
1.0001 1.73222 0 0 0 0 1 0 0 0 1 0 0 0 1  0 0 0 1
2.0002 1.73222 0 0 0 0 1 0 0 0 1 0 0 0 1  0 0 0 1
3.0003 1.73222 0 0 0 0 1 0 0 0 1 0 0 0 1  0 0 0 1
4.0004 1.73222 0 0 0 0 1 0 0 0 1 0 0 0 1  0 0 0 1
5.0005 1.73222 0 0 0 0 1 0 0 0 1 0 0 0 1  0 0 0 1
6.0006 1.73222 0 0 0 0 1 0 0 0 1 0 0 0 1  0 0 0 1
7.0007 1.73222 0 0 0 0 1 0 0 0 1 0 0 0 1  0 0 0 1
8.0008 1.73222 0 0 0 0 1 0 0 0 1 0 0 0 1  0 0 0 1
9.0009 1.73222 0 0 0 0 1 0 0 0 1 0 0 0 1  0 0 0 1
10.001 1.73222 0 0 0 0 1 0 0 0 1 0 0 0 1  0 0 0 1
-10.5432 1.73222 0 0 0 0 1 0 0 0 1 0 0 0 1  0 0 0 1
-9.54315 1.73222 0 0 0 0 1 0 0 0 1 0 0 0 1  0 0 0 1
-8.54305 1.73222 0 0 0 0 1 0 0 0 1 0 0 0 1  0 0 0 1
-7.54295 1.73222 0 0 0 0 1 0 0 0 1 0 0 0 1  0 0 0 1
-6.54285 1.73222 0 0 0 0 1 0 0 0 1 0 0 0 1  0 0 0 1
-5.54275 1.73222 0 0 0 0 1 0 0 0 1 0 0 0 1  0 0 0 1
-4.54265 1.73222 0 0 0 0 1 0 0 0 1 0 0 0 1  0 0 0 1
-3.54255 1.73222 0 0 0 0 1 0 0 0 1 0 0 0 1  0 0 0 1
-2.54245 1.73222 0 0 0 0 1 0 0 0 1 0 0 0 1  0 0 0 1
-1.54235 1.73222 0 0 0 0 1 0 0 0 1 0 0 0 1  0 0 0 1
0.50005 2.59834 0 0 0 0 1 0 0 0 1 0 0 0 1  0 0 0 1
1.50015 2.59834 0 0 0 0 1 0 0 0 1 0 0 0 1  0 0 0 1
2.50025 2.59834 0 0 0 0 1 0 0 0 1 0 0 0 1  0 0 0 1
3.50035 2.59834 0 0 0 0 1 0 0 0 1 0 0 0 1  0 0 0 1
4.50045 2.59834 0 0 0 0 1 0 0 0 1 0 0 0 1  0 0 0 1
5.50055 2.59834 0 0 0 0 1 0 0 0 1 0 0 0 1  0 0 0 1
6.50065 2.59834 0 0 0 0 1 0 0 0 1 0 0 0 1  0 0 0 1
7.50075 2.59834 0 0 0 0 1 0 0 0 1 0 0 0 1  0 0 0 1
8.50085 2.59834 0 0 0 0 1 0 0 0 1 0 0 0 1  0 0 0 1
9.50095 2.59834 0 0 0 0 1 0 0 0 1 0 0 0 1  0 0 0 1
10.501 2.59834 0 0 0 0 1 0 0 0 1 0 0 0 1  0 0 0 1
-10.0432 2.59834 0 0 0 0 1 0 0 0 1 0 0 0 1  0 0 0 1
-9.0431 2.59834 0 0 0 0 1 0 0 0 1 0 0 0 1  0 0 0 1
-8.043 2.59834 0 0 0 0 1 0 0 0 1 0 0 0 1  0 0 0 1
-7.0429 2.59834 0 0 0 0 1 0 0 0 1 0 0 0 1  0 0 0 1
-6.0428 2.59834 0 0 0 0 1 0 0 0 1 0 0 0 1  0 0 0 1
-5.0427 2.59834 0 0 0 0 1 0 0 0 1 0 0 0 1  0 0 0 1
-4.0426 2.59834 0 0 0 0 1 0 0 0 1 0 0 0 1  0 0 0 1
-3.0425 2.59834 0 0 0 0 1 0 0 0 1 0 0 0 1  0 0 0 1
-2.0424 2.59834 0 0 0 0 1 0 0 0 1 0 0 0 1  0 0 0 1
-1.0423 2.59834 0 0 0 0 1 0 0 0 1 0 0 0 1  0 0 0 1
0 3.46445 0 0 0 0 1 0 0 0 1 0 0 0 1  0 0 0 1
1.0001 3.46445 0 0 0 0 1 0 0 0 1 0 0 0 1  0 0 0 1
2.0002 3.46445 0 0 0 0 1 0 0 0 1 0 0 0 1  0 0 0 1
3.0003 3.46445 0 0 0 0 1 0 0 0 1 0 0 0 1  0 0 0 1
4.0004 3.46445 0 0 0 0 1 0 0 0 1 0 0 0 1  0 0 0 1
5.0005 3.46445 0 0 0 0 1 0 0 0 1 0 0 0 1  0 0 0 1
6.0006 3.46445 0 0 0 0 1 0 0 0 1 0 0 0 1  0 0 0 1
7.0007 3.46445 0 0 0 0 1 0 0 0 1 0 0 0 1  0 0 0 1
8.0008 3.46445 0 0 0 0 1 0 0 0 1 0 0 0 1  0 0 0 1
9.0009 3.46445 0 0 0 0 1 0 0 0 1 0 0 0 1  0 0 0 1
10.001 3.46445 0 0 0 0 1 0 0 0 1 0 0 0 1  0 0 0 1
-10.5432 3.46445 0 0 0 0 1 0 0 0 1 0 0 0 1  0 0 0 1
-9.54315 3.46445 0 0 0 0 1 0 0 0 1 0 0 0 1  0 0 0 1
-8.54305 3.46445 0 0 0 0 1 0 0 0 1 0 0 0 1  0 0 0 1
-7.54295 3.46445 0 0 0 0 1 0 0 0 1 0 0 0 1  0 0 0 1
-6.54285 3.46445 0 0 0 0 1 0 0 0 1 0 0 0 1  0 0 0 1
21.5443 21.5443 21.5443
